1	I	0	21620
2	 P	40	8450
3	 P	80	2020
4	 P	120	2430
5	 P	160	1980
6	 P	200	4740
7	 P	240	1820
8	 P	280	1670
9	 P	320	1250
10	 P	360	7100
11	 P	400	1340
12	 P	440	2200
13	 P	480	1830
14	 P	520	12920
15	 P	560	2670
16	 P	600	3200
17	 P	640	1730
18	 P	680	10610
19	 P	720	2410
20	 P	760	2170
21	 P	800	1340
22	 P	840	11940
23	 P	880	1880
24	 P	920	2260
25	 P	960	2280
26	 P	1000	11210
27	 P	1040	2130
28	 P	1080	1450
29	 P	1120	1070
30	 P	1160	3390
31	 P	1200	1610
32	 P	1240	1830
33	 P	1280	42750
34	 P	1320	14270
35	 P	1360	3010
36	 P	1400	4290
37	 P	1440	2550
38	 P	1480	8370
39	 P	1520	2730
40	 P	1560	2680
41	 P	1600	1780
42	 P	1640	9900
43	 P	1680	2310
44	 P	1720	3010
45	 P	1760	2220
46	 P	1800	12100
47	 P	1840	2230
48	 P	1880	3590
49	 P	1920	3270
50	 P	1960	11980
51	 P	2000	3310
52	 P	2040	3100
53	 P	2080	1940
54	 P	2120	14570
55	 P	2160	3130
56	 P	2200	4140
57	 P	2240	2790
58	 P	2280	12210
59	 P	2320	2870
60	 P	2360	3730
61	 P	2400	2520
62	 P	2440	4590
63	 P	2480	2570
64	 P	2520	3190
65	 P	2560	57170
66	 P	2600	13050
67	 P	2640	3000
68	 P	2680	4540
69	 P	2720	2930
70	 P	2760	11790
71	 P	2800	3240
72	 P	2840	4700
73	 P	2880	3600
74	 P	2920	9110
75	 P	2960	2870
76	 P	3000	4040
77	 P	3040	3370
78	 P	3080	10280
79	 P	3120	3510
80	 P	3160	4750
81	 P	3200	3580
82	 P	3240	14000
83	 P	3280	4020
84	 P	3320	4570
85	 P	3360	3250
86	 P	3400	14590
87	 P	3440	3870
88	 P	3480	4510
89	 P	3520	2780
90	 P	3560	12290
91	 P	3600	4580
92	 P	3640	5420
93	 P	3680	5580
94	 P	3720	8700
95	 P	3760	5200
96	 P	3800	3790
97	 P	3840	63360
98	 P	3880	8930
99	 P	3920	2400
100	 P	3960	2590
101	 P	4000	1610
102	 P	4040	6940
103	 P	4080	1930
104	 P	4120	2500
105	 P	4160	1860
106	 P	4200	5400
107	 P	4240	1650
108	 P	4280	1930
109	 P	4320	1660
110	 P	4360	5540
111	 P	4400	2200
112	 P	4440	2210
113	 P	4480	1780
114	 P	4520	6520
115	 P	4560	1560
116	 P	4600	2060
117	 P	4640	1690
118	 P	4680	7670
119	 P	4720	1540
120	 P	4760	2210
121	 P	4800	1870
122	 P	4840	11560
123	 P	4880	2010
124	 P	4920	3130
125	 P	4960	2430
126	 P	5000	7420
127	 P	5040	2930
128	 P	5080	3220
129	 P	5120	58760
130	 P	5160	14450
131	 P	5200	3010
132	 P	5240	4420
133	 P	5280	2820
134	 P	5320	10050
135	 P	5360	3050
136	 P	5400	3590
137	 P	5440	3000
138	 P	5480	13280
139	 P	5520	3540
140	 P	5560	5240
141	 P	5600	3630
142	 P	5640	13440
143	 P	5680	4020
144	 P	5720	6550
145	 P	5760	5140
146	 P	5800	12810
147	 P	5840	4040
148	 P	5880	4350
149	 P	5920	3780
150	 P	5960	12860
151	 P	6000	2730
152	 P	6040	3940
153	 P	6080	4020
154	 P	6120	20760
155	 P	6160	7190
156	 P	6200	9710
157	 P	6240	8200
158	 P	6280	8770
159	 P	6320	5170
160	 P	6360	2110
161	 P	6400	57770
162	 P	6440	8140
163	 P	6480	2060
164	 P	6520	3010
165	 P	6560	2300
166	 P	6600	5540
167	 P	6640	2010
168	 P	6680	2340
169	 P	6720	2540
170	 P	6760	15790
171	 P	6800	3160
172	 P	6840	5850
173	 P	6880	5340
174	 P	6920	20090
175	 P	6960	5460
176	 P	7000	5740
177	 P	7040	3940
178	 P	7080	15870
179	 P	7120	4970
180	 P	7160	4950
181	 P	7200	3560
182	 P	7240	17710
183	 P	7280	4380
184	 P	7320	5890
185	 P	7360	4820
186	 P	7400	16160
187	 P	7440	5240
188	 P	7480	6680
189	 P	7520	5870
190	 P	7560	10730
191	 P	7600	5000
192	 P	7640	5490
193	 P	7680	35950
194	 P	7720	16850
195	 P	7760	3710
196	 P	7800	5130
197	 P	7840	3450
198	 P	7880	10710
199	 P	7920	4280
200	 P	7960	4990
201	 P	8000	4990
202	 P	8040	16140
203	 P	8080	4400
204	 P	8120	5430
205	 P	8160	3710
206	 P	8200	18010
207	 P	8240	4160
208	 P	8280	4480
209	 P	8320	2770
210	 P	8360	18760
211	 P	8400	3400
212	 P	8440	3270
213	 P	8480	2620
214	 P	8520	22980
215	 P	8560	3180
216	 P	8600	3090
217	 P	8640	2350
218	 P	8680	24170
219	 P	8720	2830
220	 P	8760	2370
221	 P	8800	1550
222	 P	8840	3180
223	 P	8880	1560
224	 P	8920	1990
225	 P	8960	78500
226	 P	9000	7220
227	 P	9040	1510
228	 P	9080	1920
229	 P	9120	2060
230	 P	9160	6900
231	 P	9200	1670
232	 P	9240	1760
233	 P	9280	680
234	 P	9320	4940
235	 P	9360	1080
236	 P	9400	1310
237	 P	9440	1000
238	 P	9480	8620
239	 P	9520	900
240	 P	9560	1970
241	 P	9600	1360
242	 P	9640	9810
243	 P	9680	1780
244	 P	9720	1350
245	 P	9760	820
246	 P	9800	8500
247	 P	9840	1270
248	 P	9880	1490
249	 P	9920	820
250	 P	9960	6760
251	 P	10000	1250
252	 P	10040	1440
253	 P	10080	900
254	 P	10120	890
255	 P	10160	1230
256	 P	10200	1210
257	 P	10240	104460
258	 P	10280	2280
259	 P	10320	980
260	 P	10360	900
261	 P	10400	1030
262	 P	10440	2950
263	 P	10480	1180
264	 P	10520	1200
265	 P	10560	1100
266	 P	10600	4820
267	 P	10640	1110
268	 P	10680	1280
269	 P	10720	1170
270	 P	10760	3330
271	 P	10800	1120
272	 P	10840	1140
273	 P	10880	1220
274	 P	10920	3910
275	 P	10960	1180
276	 P	11000	1350
277	 P	11040	1090
278	 P	11080	4260
279	 P	11120	1080
280	 P	11160	1270
281	 P	11200	720
282	 P	11240	3780
283	 P	11280	1030
284	 P	11320	1420
285	 P	11360	1380
286	 P	11400	1240
287	 P	11440	960
288	 P	11480	1150
289	 P	11520	94550
290	 P	11560	2670
291	 P	11600	900
292	 P	11640	960
293	 P	11680	1070
294	 P	11720	2440
295	 P	11760	730
296	 P	11800	1380
297	 P	11840	1190
298	 P	11880	1550
299	 P	11920	920
300	 P	11960	1040
301	 P	12000	44960
302	 P	12040	10850
303	 P	12080	2450
304	 P	12120	3620
305	 P	12160	2900
306	 P	12200	9930
307	 P	12240	2960
308	 P	12280	3540
309	 P	12320	2300
310	 P	12360	10160
311	 P	12400	2800
312	 P	12440	3700
313	 P	12480	3190
314	 P	12520	14990
315	 P	12560	3690
316	 P	12600	4230
317	 P	12640	2650
318	 P	12680	4490
319	 P	12720	2230
320	 P	12760	2140
321	 P	12800	53420
322	 P	12840	9080
323	 P	12880	1520
324	 P	12920	2570
325	 P	12960	2120
326	 P	13000	7440
327	 P	13040	2060
328	 P	13080	1910
329	 P	13120	1510
330	 P	13160	7040
331	 P	13200	1420
332	 P	13240	2030
333	 P	13280	1990
334	 P	13320	10950
335	 P	13360	2230
336	 P	13400	3110
337	 P	13440	2180
338	 P	13480	9010
339	 P	13520	2400
340	 P	13560	2520
341	 P	13600	1610
342	 P	13640	8800
343	 P	13680	2420
344	 P	13720	2580
345	 P	13760	2060
346	 P	13800	10380
347	 P	13840	2240
348	 P	13880	3010
349	 P	13920	3050
350	 P	13960	5540
351	 P	14000	2590
352	 P	14040	2490
353	 P	14080	51860
354	 P	14120	11700
355	 P	14160	2320
356	 P	14200	3390
357	 P	14240	2650
358	 P	14280	8590
359	 P	14320	2610
360	 P	14360	3450
361	 P	14400	2520
362	 P	14440	7130
363	 P	14480	2370
364	 P	14520	2930
365	 P	14560	2420
366	 P	14600	10170
367	 P	14640	2750
368	 P	14680	3480
369	 P	14720	1960
370	 P	14760	11230
371	 P	14800	2690
372	 P	14840	4030
373	 P	14880	2950
374	 P	14920	8060
375	 P	14960	2630
376	 P	15000	3740
377	 P	15040	3350
378	 P	15080	9390
379	 P	15120	3090
380	 P	15160	4400
381	 P	15200	3040
382	 P	15240	6800
383	 P	15280	3100
384	 P	15320	2920
385	 P	15360	52750
386	 P	15400	11950
387	 P	15440	3260
388	 P	15480	3850
389	 P	15520	2560
390	 P	15560	11440
391	 P	15600	4020
392	 P	15640	4910
393	 P	15680	4530
394	 P	15720	15390
395	 P	15760	4990
396	 P	15800	3940
397	 P	15840	2260
398	 P	15880	9200
399	 P	15920	2400
400	 P	15960	2300
401	 P	16000	1450
402	 P	16040	8230
403	 P	16080	2040
404	 P	16120	2370
405	 P	16160	1940
406	 P	16200	5690
407	 P	16240	1750
408	 P	16280	1900
409	 P	16320	1690
410	 P	16360	6300
411	 P	16400	2080
412	 P	16440	2210
413	 P	16480	1770
414	 P	16520	2370
415	 P	16560	1620
416	 P	16600	1670
417	 P	16640	53690
418	 P	16680	6860
419	 P	16720	1350
420	 P	16760	2140
421	 P	16800	1750
422	 P	16840	8740
423	 P	16880	2040
424	 P	16920	2960
425	 P	16960	2210
426	 P	17000	13580
427	 P	17040	2880
428	 P	17080	4180
429	 P	17120	2500
430	 P	17160	14110
431	 P	17200	3110
432	 P	17240	3560
433	 P	17280	2500
434	 P	17320	10170
435	 P	17360	3000
436	 P	17400	3340
437	 P	17440	2360
438	 P	17480	12090
439	 P	17520	3450
440	 P	17560	5270
441	 P	17600	4210
442	 P	17640	12000
443	 P	17680	4000
444	 P	17720	6070
445	 P	17760	4280
446	 P	17800	7160
447	 P	17840	3790
448	 P	17880	3450
449	 P	17920	42110
450	 P	17960	11730
451	 P	18000	2650
452	 P	18040	3490
453	 P	18080	3450
454	 P	18120	19130
455	 P	18160	6770
456	 P	18200	9340
457	 P	18240	7800
458	 P	18280	16770
459	 P	18320	5300
460	 P	18360	3130
461	 P	18400	1740
462	 P	18440	9080
463	 P	18480	2400
464	 P	18520	2930
465	 P	18560	2000
466	 P	18600	6580
467	 P	18640	1470
468	 P	18680	2480
469	 P	18720	2120
470	 P	18760	16560
471	 P	18800	2950
472	 P	18840	5360
473	 P	18880	5440
474	 P	18920	20610
475	 P	18960	5400
476	 P	19000	5560
477	 P	19040	4150
478	 P	19080	9750
479	 P	19120	4910
480	 P	19160	4270
481	 P	19200	38830
482	 P	19240	14900
483	 P	19280	3440
484	 P	19320	5560
485	 P	19360	5310
486	 P	19400	16530
487	 P	19440	4790
488	 P	19480	7280
489	 P	19520	5450
490	 P	19560	20180
491	 P	19600	5020
492	 P	19640	6080
493	 P	19680	4790
494	 P	19720	18840
495	 P	19760	3910
496	 P	19800	6030
497	 P	19840	3840
498	 P	19880	11180
499	 P	19920	4300
500	 P	19960	5040
501	 P	20000	4990
502	 P	20040	17000
503	 P	20080	5170
504	 P	20120	5240
505	 P	20160	4410
506	 P	20200	18370
507	 P	20240	4420
508	 P	20280	4790
509	 P	20320	3270
510	 P	20360	6240
511	 P	20400	3710
512	 P	20440	3300
513	 P	20480	52850
514	 P	20520	20430
515	 P	20560	2860
516	 P	20600	3130
517	 P	20640	3060
518	 P	20680	20050
519	 P	20720	2880
520	 P	20760	2660
521	 P	20800	1860
522	 P	20840	9830
523	 P	20880	2060
524	 P	20920	2120
525	 P	20960	1770
526	 P	21000	13260
527	 P	21040	2270
528	 P	21080	2210
529	 P	21120	1730
530	 P	21160	17080
531	 P	21200	1340
532	 P	21240	1130
533	 P	21280	570
534	 P	21320	8780
535	 P	21360	1240
536	 P	21400	1660
537	 P	21440	1240
538	 P	21480	12510
539	 P	21520	1610
540	 P	21560	2050
541	 P	21600	1230
542	 P	21640	2280
543	 P	21680	1260
544	 P	21720	1330
545	 P	21760	107780
546	 P	21800	4320
547	 P	21840	910
548	 P	21880	1590
549	 P	21920	1200
550	 P	21960	3100
551	 P	22000	1480
552	 P	22040	1660
553	 P	22080	1130
554	 P	22120	3040
555	 P	22160	960
556	 P	22200	1060
557	 P	22240	1260
558	 P	22280	3420
559	 P	22320	1190
560	 P	22360	1170
561	 P	22400	970
562	 P	22440	4010
563	 P	22480	1330
564	 P	22520	1190
565	 P	22560	390
566	 P	22600	5940
567	 P	22640	1130
568	 P	22680	1320
569	 P	22720	1280
570	 P	22760	5400
571	 P	22800	1190
572	 P	22840	1590
573	 P	22880	1150
574	 P	22920	1330
575	 P	22960	1160
576	 P	23000	1240
577	 P	23040	109120
578	 P	23080	2070
579	 P	23120	530
580	 P	23160	900
581	 P	23200	1020
582	 P	23240	2310
583	 P	23280	790
584	 P	23320	800
585	 P	23360	990
586	 P	23400	3530
587	 P	23440	1190
588	 P	23480	1640
589	 P	23520	1430
590	 P	23560	3380
591	 P	23600	1200
592	 P	23640	1210
593	 P	23680	1420
594	 P	23720	2230
595	 P	23760	710
596	 P	23800	1250
597	 P	23840	1210
598	 P	23880	1580
599	 P	23920	1290
600	 P	23960	1200
601	 P	24000	45780
602	 P	24040	10800
603	 P	24080	2400
604	 P	24120	3620
605	 P	24160	2720
606	 P	24200	10120
607	 P	24240	3030
608	 P	24280	3650
609	 P	24320	2310
610	 P	24360	10540
611	 P	24400	2840
612	 P	24440	4020
613	 P	24480	3020
614	 P	24520	14540
615	 P	24560	3550
616	 P	24600	4390
617	 P	24640	2800
618	 P	24680	11240
619	 P	24720	2980
620	 P	24760	2440
621	 P	24800	1860
622	 P	24840	10980
623	 P	24880	1760
624	 P	24920	2470
625	 P	24960	2120
626	 P	25000	8000
627	 P	25040	2350
628	 P	25080	1760
629	 P	25120	1190
630	 P	25160	3130
631	 P	25200	1540
632	 P	25240	1920
633	 P	25280	53580
634	 P	25320	9360
635	 P	25360	2390
636	 P	25400	3000
637	 P	25440	2010
638	 P	25480	8980
639	 P	25520	2460
640	 P	25560	2500
641	 P	25600	1430
642	 P	25640	8790
643	 P	25680	2370
644	 P	25720	2740
645	 P	25760	2210
646	 P	25800	10190
647	 P	25840	2090
648	 P	25880	3350
649	 P	25920	3260
650	 P	25960	10370
651	 P	26000	2760
652	 P	26040	2660
653	 P	26080	1660
654	 P	26120	11880
655	 P	26160	2770
656	 P	26200	3520
657	 P	26240	2600
658	 P	26280	9760
659	 P	26320	2410
660	 P	26360	3140
661	 P	26400	2150
662	 P	26440	4040
663	 P	26480	2150
664	 P	26520	2490
665	 P	26560	52330
666	 P	26600	10030
667	 P	26640	2120
668	 P	26680	3740
669	 P	26720	2430
670	 P	26760	11320
671	 P	26800	2480
672	 P	26840	4040
673	 P	26880	2830
674	 P	26920	8580
675	 P	26960	2600
676	 P	27000	3560
677	 P	27040	3110
678	 P	27080	9970
679	 P	27120	3260
680	 P	27160	4410
681	 P	27200	2940
682	 P	27240	12690
683	 P	27280	3450
684	 P	27320	4180
685	 P	27360	2930
686	 P	27400	12560
687	 P	27440	3790
688	 P	27480	4160
689	 P	27520	2670
690	 P	27560	11320
691	 P	27600	3880
692	 P	27640	5060
693	 P	27680	5170
694	 P	27720	7940
695	 P	27760	4510
696	 P	27800	3480
697	 P	27840	57000
698	 P	27880	8250
699	 P	27920	2160
700	 P	27960	2200
701	 P	28000	1730
702	 P	28040	7020
703	 P	28080	1900
704	 P	28120	2150
705	 P	28160	1830
706	 P	28200	5340
707	 P	28240	1780
708	 P	28280	1920
709	 P	28320	1610
710	 P	28360	5510
711	 P	28400	1620
712	 P	28440	2250
713	 P	28480	1730
714	 P	28520	6050
715	 P	28560	1670
716	 P	28600	1890
717	 P	28640	1610
718	 P	28680	6940
719	 P	28720	1460
720	 P	28760	2210
721	 P	28800	1680
722	 P	28840	9790
723	 P	28880	1990
724	 P	28920	2750
725	 P	28960	2250
726	 P	29000	6760
727	 P	29040	2560
728	 P	29080	2670
729	 P	29120	54750
730	 P	29160	12520
731	 P	29200	2770
732	 P	29240	3490
733	 P	29280	2310
734	 P	29320	9650
735	 P	29360	2820
736	 P	29400	3350
737	 P	29440	2720
738	 P	29480	12110
739	 P	29520	3290
740	 P	29560	5380
741	 P	29600	3740
742	 P	29640	12060
743	 P	29680	4140
744	 P	29720	6040
745	 P	29760	4860
746	 P	29800	12260
747	 P	29840	3900
748	 P	29880	4370
749	 P	29920	3350
750	 P	29960	11790
751	 P	30000	2820
752	 P	30040	3870
753	 P	30080	4080
754	 P	30120	18860
755	 P	30160	7100
756	 P	30200	9090
757	 P	30240	7370
758	 P	30280	8670
759	 P	30320	5070
760	 P	30360	2420
761	 P	30400	52120
762	 P	30440	7810
763	 P	30480	2180
764	 P	30520	2710
765	 P	30560	2070
766	 P	30600	6080
767	 P	30640	1690
768	 P	30680	2150
769	 P	30720	2330
770	 P	30760	15620
771	 P	30800	3030
772	 P	30840	5610
773	 P	30880	5120
774	 P	30920	20130
775	 P	30960	5490
776	 P	31000	5490
777	 P	31040	3670
778	 P	31080	15900
779	 P	31120	4490
780	 P	31160	5160
781	 P	31200	3440
782	 P	31240	17670
783	 P	31280	4290
784	 P	31320	5950
785	 P	31360	4840
786	 P	31400	16270
787	 P	31440	5380
788	 P	31480	7140
789	 P	31520	5730
790	 P	31560	11440
791	 P	31600	5350
792	 P	31640	5130
793	 P	31680	35110
794	 P	31720	17060
795	 P	31760	3910
796	 P	31800	5290
797	 P	31840	3820
798	 P	31880	11120
799	 P	31920	4350
800	 P	31960	5400
801	 P	32000	4930
802	 P	32040	16430
803	 P	32080	4640
804	 P	32120	5430
805	 P	32160	4280
806	 P	32200	19040
807	 P	32240	4700
808	 P	32280	4810
809	 P	32320	3110
810	 P	32360	20990
811	 P	32400	3530
812	 P	32440	3390
813	 P	32480	2420
814	 P	32520	25050
815	 P	32560	3660
816	 P	32600	3420
817	 P	32640	2660
818	 P	32680	25950
819	 P	32720	2970
820	 P	32760	2830
821	 P	32800	1600
822	 P	32840	3630
823	 P	32880	1830
824	 P	32920	1900
825	 P	32960	83450
826	 P	33000	7910
827	 P	33040	1470
828	 P	33080	2160
829	 P	33120	2150
830	 P	33160	8830
831	 P	33200	1520
832	 P	33240	1560
833	 P	33280	630
834	 P	33320	5790
835	 P	33360	770
836	 P	33400	1480
837	 P	33440	1480
838	 P	33480	10240
839	 P	33520	930
840	 P	33560	2110
841	 P	33600	1720
842	 P	33640	11750
843	 P	33680	1700
844	 P	33720	1650
845	 P	33760	750
846	 P	33800	9020
847	 P	33840	1330
848	 P	33880	1590
849	 P	33920	1310
850	 P	33960	6900
851	 P	34000	1300
852	 P	34040	1310
853	 P	34080	730
854	 P	34120	910
855	 P	34160	1050
856	 P	34200	1160
857	 P	34240	113560
858	 P	34280	2110
859	 P	34320	840
860	 P	34360	830
861	 P	34400	880
862	 P	34440	3560
863	 P	34480	1140
864	 P	34520	1190
865	 P	34560	1300
866	 P	34600	5110
867	 P	34640	1080
868	 P	34680	1470
869	 P	34720	1240
870	 P	34760	3160
871	 P	34800	1160
872	 P	34840	1250
873	 P	34880	1330
874	 P	34920	3950
875	 P	34960	1250
876	 P	35000	1430
877	 P	35040	1050
878	 P	35080	3490
879	 P	35120	910
880	 P	35160	1150
881	 P	35200	1080
882	 P	35240	3580
883	 P	35280	990
884	 P	35320	1370
885	 P	35360	1390
886	 P	35400	1250
887	 P	35440	1050
888	 P	35480	1350
889	 P	35520	98170
890	 P	35560	2450
891	 P	35600	990
892	 P	35640	1040
893	 P	35680	1090
894	 P	35720	2180
895	 P	35760	590
896	 P	35800	1330
897	 P	35840	1260
898	 P	35880	1410
899	 P	35920	1060
900	 P	35960	1120
901	 P	36000	45790
902	 P	36040	10570
903	 P	36080	2330
904	 P	36120	3600
905	 P	36160	2760
906	 P	36200	9640
907	 P	36240	2870
908	 P	36280	3360
909	 P	36320	2280
910	 P	36360	10710
911	 P	36400	2920
912	 P	36440	4000
913	 P	36480	3300
914	 P	36520	14280
915	 P	36560	3620
916	 P	36600	4360
917	 P	36640	2440
918	 P	36680	4500
919	 P	36720	2470
920	 P	36760	2110
921	 P	36800	54580
922	 P	36840	8610
923	 P	36880	1400
924	 P	36920	2480
925	 P	36960	1760
926	 P	37000	7090
927	 P	37040	2000
928	 P	37080	1610
929	 P	37120	1270
930	 P	37160	7020
931	 P	37200	1370
932	 P	37240	2060
933	 P	37280	2140
934	 P	37320	10000
935	 P	37360	2090
936	 P	37400	2970
937	 P	37440	2070
938	 P	37480	8980
939	 P	37520	2470
940	 P	37560	2660
941	 P	37600	1680
942	 P	37640	9080
943	 P	37680	2300
944	 P	37720	2880
945	 P	37760	2030
946	 P	37800	9360
947	 P	37840	1860
948	 P	37880	3240
949	 P	37920	3060
950	 P	37960	5360
951	 P	38000	2810
952	 P	38040	2330
953	 P	38080	51710
954	 P	38120	11480
955	 P	38160	2340
956	 P	38200	3390
957	 P	38240	2550
958	 P	38280	8980
959	 P	38320	2470
960	 P	38360	3080
961	 P	38400	2300
962	 P	38440	7030
963	 P	38480	2700
964	 P	38520	3210
965	 P	38560	2380
966	 P	38600	10110
967	 P	38640	2890
968	 P	38680	3650
969	 P	38720	1950
970	 P	38760	10930
971	 P	38800	2660
972	 P	38840	3930
973	 P	38880	2890
974	 P	38920	8280
975	 P	38960	2680
976	 P	39000	3600
977	 P	39040	3090
978	 P	39080	9940
979	 P	39120	3330
980	 P	39160	4110
981	 P	39200	3270
982	 P	39240	6400
983	 P	39280	3240
984	 P	39320	2800
985	 P	39360	51430
986	 P	39400	11620
987	 P	39440	3100
988	 P	39480	3880
989	 P	39520	2390
990	 P	39560	11020
991	 P	39600	3890
992	 P	39640	4630
993	 P	39680	4620
994	 P	39720	15650
995	 P	39760	4860
996	 P	39800	4090
997	 P	39840	2150
998	 P	39880	9330
999	 P	39920	2250
1000	 P	39960	2270
1001	 P	40000	1530
1002	 P	40040	7450
1003	 P	40080	1830
1004	 P	40120	2290
1005	 P	40160	1360
1006	 P	40200	5260
1007	 P	40240	1450
1008	 P	40280	2070
1009	 P	40320	1700
1010	 P	40360	5840
1011	 P	40400	1850
1012	 P	40440	2030
1013	 P	40480	1910
1014	 P	40520	2230
1015	 P	40560	1340
1016	 P	40600	1530
1017	 P	40640	52580
1018	 P	40680	6670
1019	 P	40720	1100
1020	 P	40760	1870
1021	 P	40800	1710
1022	 P	40840	8830
1023	 P	40880	1930
1024	 P	40920	2860
1025	 P	40960	2050
1026	 P	41000	13050
1027	 P	41040	2860
1028	 P	41080	3350
1029	 P	41120	2620
1030	 P	41160	12940
1031	 P	41200	2670
1032	 P	41240	3440
1033	 P	41280	2230
1034	 P	41320	9550
1035	 P	41360	2920
1036	 P	41400	3320
1037	 P	41440	2200
1038	 P	41480	11620
1039	 P	41520	3480
1040	 P	41560	5030
1041	 P	41600	4040
1042	 P	41640	11760
1043	 P	41680	3890
1044	 P	41720	5860
1045	 P	41760	4490
1046	 P	41800	6710
1047	 P	41840	3610
1048	 P	41880	3620
1049	 P	41920	40310
1050	 P	41960	11360
1051	 P	42000	2560
1052	 P	42040	3270
1053	 P	42080	3640
1054	 P	42120	19180
1055	 P	42160	6810
1056	 P	42200	9000
1057	 P	42240	7380
1058	 P	42280	16560
1059	 P	42320	5050
1060	 P	42360	2900
1061	 P	42400	1800
1062	 P	42440	9000
1063	 P	42480	2310
1064	 P	42520	2620
1065	 P	42560	2130
1066	 P	42600	6490
1067	 P	42640	1650
1068	 P	42680	2320
1069	 P	42720	2210
1070	 P	42760	15840
1071	 P	42800	3110
1072	 P	42840	5720
1073	 P	42880	4810
1074	 P	42920	19820
1075	 P	42960	5190
1076	 P	43000	5680
1077	 P	43040	3920
1078	 P	43080	9300
1079	 P	43120	4590
1080	 P	43160	3890
1081	 P	43200	38280
1082	 P	43240	15020
1083	 P	43280	3160
1084	 P	43320	5380
1085	 P	43360	5130
1086	 P	43400	16220
1087	 P	43440	5240
1088	 P	43480	7250
1089	 P	43520	6020
1090	 P	43560	19820
1091	 P	43600	5100
1092	 P	43640	5930
1093	 P	43680	4670
1094	 P	43720	18360
1095	 P	43760	4240
1096	 P	43800	5620
1097	 P	43840	4130
1098	 P	43880	11310
1099	 P	43920	3850
1100	 P	43960	5350
1101	 P	44000	4830
1102	 P	44040	16770
1103	 P	44080	4770
1104	 P	44120	5770
1105	 P	44160	4500
1106	 P	44200	19140
1107	 P	44240	4910
1108	 P	44280	4760
1109	 P	44320	3070
1110	 P	44360	5910
1111	 P	44400	3540
1112	 P	44440	3550
1113	 P	44480	53270
1114	 P	44520	20120
1115	 P	44560	2810
1116	 P	44600	3280
1117	 P	44640	3170
1118	 P	44680	20600
1119	 P	44720	2790
1120	 P	44760	2700
1121	 P	44800	1930
1122	 P	44840	10490
1123	 P	44880	2210
1124	 P	44920	2140
1125	 P	44960	1330
1126	 P	45000	13070
1127	 P	45040	2310
1128	 P	45080	2140
1129	 P	45120	1740
1130	 P	45160	16610
1131	 P	45200	1480
1132	 P	45240	1220
1133	 P	45280	610
1134	 P	45320	9250
1135	 P	45360	1310
1136	 P	45400	1570
1137	 P	45440	1510
1138	 P	45480	12930
1139	 P	45520	1800
1140	 P	45560	1680
1141	 P	45600	1160
1142	 P	45640	2310
1143	 P	45680	1130
1144	 P	45720	1780
1145	 P	45760	110620
1146	 P	45800	4200
1147	 P	45840	1280
1148	 P	45880	1450
1149	 P	45920	1350
1150	 P	45960	2980
1151	 P	46000	1560
1152	 P	46040	1600
1153	 P	46080	1520
1154	 P	46120	3590
1155	 P	46160	1100
1156	 P	46200	1360
1157	 P	46240	1470
1158	 P	46280	4190
1159	 P	46320	1170
1160	 P	46360	1360
1161	 P	46400	1300
1162	 P	46440	4270
1163	 P	46480	1520
1164	 P	46520	1180
1165	 P	46560	860
1166	 P	46600	5100
1167	 P	46640	900
1168	 P	46680	1340
1169	 P	46720	1170
1170	 P	46760	4900
1171	 P	46800	1260
1172	 P	46840	1430
1173	 P	46880	1200
1174	 P	46920	1260
1175	 P	46960	1010
1176	 P	47000	1270
1177	 P	47040	109790
1178	 P	47080	2050
1179	 P	47120	550
1180	 P	47160	820
1181	 P	47200	940
1182	 P	47240	2320
1183	 P	47280	740
1184	 P	47320	1140
1185	 P	47360	1040
1186	 P	47400	3710
1187	 P	47440	1400
1188	 P	47480	1530
1189	 P	47520	1360
1190	 P	47560	2730
1191	 P	47600	1270
1192	 P	47640	1270
1193	 P	47680	1460
1194	 P	47720	2440
1195	 P	47760	830
1196	 P	47800	1210
1197	 P	47840	1250
1198	 P	47880	1400
1199	 P	47920	1020
1200	 P	47960	1220
1201	 P	48000	45610
1202	 P	48040	10860
1203	 P	48080	2400
1204	 P	48120	3810
1205	 P	48160	2790
1206	 P	48200	10080
1207	 P	48240	2780
1208	 P	48280	3460
1209	 P	48320	2210
1210	 P	48360	10930
1211	 P	48400	2720
1212	 P	48440	4150
1213	 P	48480	3360
1214	 P	48520	14860
1215	 P	48560	3680
1216	 P	48600	4450
1217	 P	48640	2540
1218	 P	48680	11060
1219	 P	48720	2530
1220	 P	48760	2450
1221	 P	48800	1690
1222	 P	48840	10710
1223	 P	48880	1800
1224	 P	48920	2700
1225	 P	48960	2130
1226	 P	49000	8420
1227	 P	49040	1990
1228	 P	49080	1770
1229	 P	49120	1180
1230	 P	49160	3090
1231	 P	49200	1330
1232	 P	49240	2020
1233	 P	49280	52210
1234	 P	49320	9580
1235	 P	49360	2060
1236	 P	49400	3010
1237	 P	49440	1860
1238	 P	49480	8910
1239	 P	49520	2310
1240	 P	49560	2560
1241	 P	49600	1610
1242	 P	49640	8900
1243	 P	49680	2310
1244	 P	49720	2760
1245	 P	49760	1950
1246	 P	49800	9820
1247	 P	49840	2240
1248	 P	49880	3230
1249	 P	49920	3060
1250	 P	49960	10040
1251	 P	50000	2970
1252	 P	50040	2890
1253	 P	50080	1900
1254	 P	50120	12150
1255	 P	50160	2850
1256	 P	50200	3730
1257	 P	50240	2860
1258	 P	50280	8910
1259	 P	50320	2490
1260	 P	50360	3050
1261	 P	50400	2180
1262	 P	50440	3790
1263	 P	50480	2260
1264	 P	50520	2470
1265	 P	50560	51510
1266	 P	50600	9910
1267	 P	50640	2340
1268	 P	50680	3510
1269	 P	50720	2190
1270	 P	50760	11130
1271	 P	50800	2700
1272	 P	50840	4500
1273	 P	50880	3030
1274	 P	50920	7890
1275	 P	50960	2740
1276	 P	51000	3860
1277	 P	51040	3080
1278	 P	51080	9730
1279	 P	51120	3270
1280	 P	51160	4170
1281	 P	51200	2860
1282	 P	51240	12200
1283	 P	51280	3490
1284	 P	51320	4310
1285	 P	51360	3020
1286	 P	51400	12360
1287	 P	51440	3600
1288	 P	51480	4090
1289	 P	51520	2680
1290	 P	51560	10950
1291	 P	51600	3970
1292	 P	51640	4610
1293	 P	51680	4450
1294	 P	51720	8280
1295	 P	51760	4710
1296	 P	51800	3470
1297	 P	51840	56620
1298	 P	51880	8280
1299	 P	51920	2330
1300	 P	51960	2370
1301	 P	52000	1630
1302	 P	52040	7500
1303	 P	52080	2070
1304	 P	52120	2450
1305	 P	52160	1660
1306	 P	52200	5030
1307	 P	52240	1730
1308	 P	52280	2080
1309	 P	52320	1850
1310	 P	52360	5730
1311	 P	52400	2120
1312	 P	52440	2080
1313	 P	52480	1660
1314	 P	52520	5920
1315	 P	52560	1620
1316	 P	52600	1860
1317	 P	52640	1650
1318	 P	52680	6960
1319	 P	52720	1180
1320	 P	52760	2110
1321	 P	52800	1720
1322	 P	52840	9250
1323	 P	52880	1870
1324	 P	52920	2670
1325	 P	52960	2160
1326	 P	53000	6370
1327	 P	53040	2360
1328	 P	53080	2570
1329	 P	53120	53150
1330	 P	53160	11810
1331	 P	53200	2490
1332	 P	53240	3270
1333	 P	53280	2060
1334	 P	53320	9500
1335	 P	53360	2670
1336	 P	53400	3550
1337	 P	53440	2570
1338	 P	53480	11480
1339	 P	53520	3270
1340	 P	53560	4690
1341	 P	53600	3720
1342	 P	53640	12140
1343	 P	53680	4370
1344	 P	53720	5890
1345	 P	53760	4430
1346	 P	53800	11820
1347	 P	53840	4180
1348	 P	53880	4310
1349	 P	53920	3290
1350	 P	53960	11300
1351	 P	54000	2930
1352	 P	54040	3420
1353	 P	54080	3740
1354	 P	54120	18350
1355	 P	54160	7000
1356	 P	54200	9090
1357	 P	54240	7650
1358	 P	54280	8100
1359	 P	54320	4910
1360	 P	54360	2490
1361	 P	54400	50770
1362	 P	54440	7490
1363	 P	54480	2090
1364	 P	54520	2850
1365	 P	54560	2260
1366	 P	54600	5740
1367	 P	54640	1750
1368	 P	54680	2070
1369	 P	54720	2280
1370	 P	54760	15190
1371	 P	54800	2860
1372	 P	54840	5660
1373	 P	54880	4970
1374	 P	54920	19730
1375	 P	54960	5460
1376	 P	55000	5370
1377	 P	55040	3760
1378	 P	55080	15580
1379	 P	55120	4710
1380	 P	55160	4960
1381	 P	55200	3520
1382	 P	55240	17680
1383	 P	55280	4150
1384	 P	55320	5800
1385	 P	55360	5120
1386	 P	55400	16300
1387	 P	55440	5170
1388	 P	55480	7190
1389	 P	55520	5600
1390	 P	55560	11100
1391	 P	55600	5180
1392	 P	55640	5430
1393	 P	55680	34350
1394	 P	55720	17400
1395	 P	55760	3880
1396	 P	55800	5500
1397	 P	55840	3680
1398	 P	55880	11310
1399	 P	55920	4320
1400	 P	55960	5180
1401	 P	56000	4870
1402	 P	56040	17070
1403	 P	56080	5040
1404	 P	56120	5090
1405	 P	56160	4110
1406	 P	56200	18720
1407	 P	56240	4450
1408	 P	56280	4360
1409	 P	56320	3090
1410	 P	56360	20520
1411	 P	56400	3600
1412	 P	56440	3340
1413	 P	56480	2570
1414	 P	56520	25540
1415	 P	56560	3480
1416	 P	56600	3790
1417	 P	56640	2810
1418	 P	56680	25980
1419	 P	56720	3170
1420	 P	56760	2680
1421	 P	56800	1770
1422	 P	56840	3290
1423	 P	56880	1910
1424	 P	56920	1760
1425	 P	56960	83460
1426	 P	57000	7900
1427	 P	57040	1470
1428	 P	57080	2240
1429	 P	57120	2100
1430	 P	57160	8700
1431	 P	57200	1710
1432	 P	57240	1660
1433	 P	57280	620
1434	 P	57320	6060
1435	 P	57360	1090
1436	 P	57400	1390
1437	 P	57440	1400
1438	 P	57480	10660
1439	 P	57520	1420
1440	 P	57560	2140
1441	 P	57600	1670
1442	 P	57640	11740
1443	 P	57680	1810
1444	 P	57720	1650
1445	 P	57760	780
1446	 P	57800	8340
1447	 P	57840	1420
1448	 P	57880	1520
1449	 P	57920	940
1450	 P	57960	6590
1451	 P	58000	1360
1452	 P	58040	1460
1453	 P	58080	750
1454	 P	58120	970
1455	 P	58160	1020
1456	 P	58200	1210
1457	 P	58240	114330
1458	 P	58280	2170
1459	 P	58320	830
1460	 P	58360	890
1461	 P	58400	760
1462	 P	58440	3120
1463	 P	58480	1040
1464	 P	58520	1140
1465	 P	58560	1270
1466	 P	58600	5720
1467	 P	58640	1350
1468	 P	58680	1450
1469	 P	58720	1290
1470	 P	58760	3300
1471	 P	58800	1020
1472	 P	58840	1200
1473	 P	58880	1060
1474	 P	58920	4220
1475	 P	58960	1250
1476	 P	59000	1440
1477	 P	59040	1020
1478	 P	59080	4110
1479	 P	59120	1020
1480	 P	59160	1250
1481	 P	59200	1260
1482	 P	59240	3530
1483	 P	59280	1130
1484	 P	59320	1420
1485	 P	59360	1390
1486	 P	59400	1240
1487	 P	59440	1240
1488	 P	59480	1330
1489	 P	59520	98440
1490	 P	59560	2330
1491	 P	59600	1030
1492	 P	59640	1040
1493	 P	59680	1000
1494	 P	59720	2270
1495	 P	59760	470
1496	 P	59800	1260
1497	 P	59840	1070
1498	 P	59880	1650
1499	 P	59920	1080
1500	 P	59960	1180
1501	 P	60000	45750
1502	 P	60040	10510
1503	 P	60080	2330
1504	 P	60120	3570
1505	 P	60160	2900
1506	 P	60200	9820
1507	 P	60240	2730
1508	 P	60280	3530
1509	 P	60320	2200
1510	 P	60360	10210
1511	 P	60400	2590
1512	 P	60440	3980
1513	 P	60480	3210
1514	 P	60520	14420
1515	 P	60560	3740
1516	 P	60600	4390
1517	 P	60640	2340
1518	 P	60680	4330
1519	 P	60720	2360
1520	 P	60760	2000
1521	 P	60800	54340
1522	 P	60840	8900
1523	 P	60880	1500
1524	 P	60920	2500
1525	 P	60960	1990
1526	 P	61000	7080
1527	 P	61040	2140
1528	 P	61080	1640
1529	 P	61120	1270
1530	 P	61160	6980
1531	 P	61200	1360
1532	 P	61240	2110
1533	 P	61280	2170
1534	 P	61320	10080
1535	 P	61360	2110
1536	 P	61400	2830
1537	 P	61440	2150
1538	 P	61480	8690
1539	 P	61520	2150
1540	 P	61560	2590
1541	 P	61600	1780
1542	 P	61640	8320
1543	 P	61680	2380
1544	 P	61720	2800
1545	 P	61760	1950
1546	 P	61800	9420
1547	 P	61840	2210
1548	 P	61880	3210
1549	 P	61920	3100
1550	 P	61960	5000
1551	 P	62000	2680
1552	 P	62040	2310
1553	 P	62080	51700
1554	 P	62120	11270
1555	 P	62160	2350
1556	 P	62200	3170
1557	 P	62240	2590
1558	 P	62280	8830
1559	 P	62320	2520
1560	 P	62360	3260
1561	 P	62400	2220
1562	 P	62440	7160
1563	 P	62480	2280
1564	 P	62520	3310
1565	 P	62560	2430
1566	 P	62600	9920
1567	 P	62640	2310
1568	 P	62680	3580
1569	 P	62720	2030
1570	 P	62760	11270
1571	 P	62800	2330
1572	 P	62840	3840
1573	 P	62880	2910
1574	 P	62920	8410
1575	 P	62960	2580
1576	 P	63000	3660
1577	 P	63040	3230
1578	 P	63080	9460
1579	 P	63120	3490
1580	 P	63160	4430
1581	 P	63200	3020
1582	 P	63240	6370
1583	 P	63280	3060
1584	 P	63320	2990
1585	 P	63360	51120
1586	 P	63400	11070
1587	 P	63440	3140
1588	 P	63480	3830
1589	 P	63520	2180
1590	 P	63560	11150
1591	 P	63600	3940
1592	 P	63640	4480
1593	 P	63680	4510
1594	 P	63720	15220
1595	 P	63760	4840
1596	 P	63800	4290
1597	 P	63840	2190
1598	 P	63880	9630
1599	 P	63920	2270
1600	 P	63960	2190
1601	 P	64000	1470
1602	 P	64040	7560
1603	 P	64080	1840
1604	 P	64120	2210
1605	 P	64160	1580
1606	 P	64200	5380
1607	 P	64240	1610
1608	 P	64280	1880
1609	 P	64320	1640
1610	 P	64360	5740
1611	 P	64400	1710
1612	 P	64440	2230
1613	 P	64480	1750
1614	 P	64520	2340
1615	 P	64560	1520
1616	 P	64600	1730
1617	 P	64640	52040
1618	 P	64680	6160
1619	 P	64720	1330
1620	 P	64760	1920
1621	 P	64800	1620
1622	 P	64840	8860
1623	 P	64880	1780
1624	 P	64920	2770
1625	 P	64960	2170
1626	 P	65000	12360
1627	 P	65040	2790
1628	 P	65080	3160
1629	 P	65120	2300
1630	 P	65160	13040
1631	 P	65200	2760
1632	 P	65240	3450
1633	 P	65280	2230
1634	 P	65320	9560
1635	 P	65360	2810
1636	 P	65400	3150
1637	 P	65440	2630
1638	 P	65480	11010
1639	 P	65520	3480
1640	 P	65560	4830
1641	 P	65600	3470
1642	 P	65640	11710
1643	 P	65680	3920
1644	 P	65720	5630
1645	 P	65760	4000
1646	 P	65800	6750
1647	 P	65840	3340
1648	 P	65880	3610
1649	 P	65920	40050
1650	 P	65960	11340
1651	 P	66000	2360
1652	 P	66040	3390
1653	 P	66080	3470
1654	 P	66120	18000
1655	 P	66160	6660
1656	 P	66200	8770
1657	 P	66240	7380
1658	 P	66280	16740
1659	 P	66320	5110
1660	 P	66360	2880
1661	 P	66400	1840
1662	 P	66440	9180
1663	 P	66480	1960
1664	 P	66520	2790
1665	 P	66560	1930
1666	 P	66600	6340
1667	 P	66640	1200
1668	 P	66680	2180
1669	 P	66720	2210
1670	 P	66760	15300
1671	 P	66800	2940
1672	 P	66840	5210
1673	 P	66880	4920
1674	 P	66920	19370
1675	 P	66960	5100
1676	 P	67000	6010
1677	 P	67040	3920
1678	 P	67080	9240
1679	 P	67120	4570
1680	 P	67160	3880
1681	 P	67200	38180
1682	 P	67240	14990
1683	 P	67280	3450
1684	 P	67320	5180
1685	 P	67360	5310
1686	 P	67400	16350
1687	 P	67440	4980
1688	 P	67480	6820
1689	 P	67520	5420
1690	 P	67560	20160
1691	 P	67600	5060
1692	 P	67640	5770
1693	 P	67680	4030
1694	 P	67720	19020
1695	 P	67760	4700
1696	 P	67800	5590
1697	 P	67840	3570
1698	 P	67880	11120
1699	 P	67920	4300
1700	 P	67960	4730
1701	 P	68000	4550
1702	 P	68040	16900
1703	 P	68080	4980
1704	 P	68120	5380
1705	 P	68160	4400
1706	 P	68200	18910
1707	 P	68240	4530
1708	 P	68280	4720
1709	 P	68320	2970
1710	 P	68360	6300
1711	 P	68400	3460
1712	 P	68440	3440
1713	 P	68480	53030
1714	 P	68520	20330
1715	 P	68560	2820
1716	 P	68600	3200
1717	 P	68640	3180
1718	 P	68680	20970
1719	 P	68720	2690
1720	 P	68760	2710
1721	 P	68800	1950
1722	 P	68840	10590
1723	 P	68880	2260
1724	 P	68920	2400
1725	 P	68960	1780
1726	 P	69000	13770
1727	 P	69040	2330
1728	 P	69080	2140
1729	 P	69120	1620
1730	 P	69160	17510
1731	 P	69200	1340
1732	 P	69240	1160
1733	 P	69280	830
1734	 P	69320	10100
1735	 P	69360	1320
1736	 P	69400	1560
1737	 P	69440	990
1738	 P	69480	11630
1739	 P	69520	1680
1740	 P	69560	1970
1741	 P	69600	1450
1742	 P	69640	2270
1743	 P	69680	1080
1744	 P	69720	1830
1745	 P	69760	111110
1746	 P	69800	4210
1747	 P	69840	1160
1748	 P	69880	1280
1749	 P	69920	1270
1750	 P	69960	3080
1751	 P	70000	1540
1752	 P	70040	1530
1753	 P	70080	1510
1754	 P	70120	3620
1755	 P	70160	1070
1756	 P	70200	910
1757	 P	70240	1280
1758	 P	70280	4180
1759	 P	70320	1130
1760	 P	70360	1380
1761	 P	70400	960
1762	 P	70440	4590
1763	 P	70480	1370
1764	 P	70520	1160
1765	 P	70560	520
1766	 P	70600	5550
1767	 P	70640	1100
1768	 P	70680	1420
1769	 P	70720	1420
1770	 P	70760	4590
1771	 P	70800	1240
1772	 P	70840	1260
1773	 P	70880	1190
1774	 P	70920	1220
1775	 P	70960	1280
1776	 P	71000	1320
1777	 P	71040	110780
1778	 P	71080	2030
1779	 P	71120	620
1780	 P	71160	820
1781	 P	71200	910
1782	 P	71240	2690
1783	 P	71280	810
1784	 P	71320	1110
1785	 P	71360	1140
1786	 P	71400	3910
1787	 P	71440	1500
1788	 P	71480	1400
1789	 P	71520	1370
1790	 P	71560	2820
1791	 P	71600	1180
1792	 P	71640	1260
1793	 P	71680	1290
1794	 P	71720	2390
1795	 P	71760	860
1796	 P	71800	1180
1797	 P	71840	1240
1798	 P	71880	1400
1799	 P	71920	1200
1800	 P	71960	1340
1801	 P	72000	45660
1802	 P	72040	10810
1803	 P	72080	2310
1804	 P	72120	3560
1805	 P	72160	2710
1806	 P	72200	9940
1807	 P	72240	2510
1808	 P	72280	3200
1809	 P	72320	2070
1810	 P	72360	10360
1811	 P	72400	2840
1812	 P	72440	3730
1813	 P	72480	2990
1814	 P	72520	14620
1815	 P	72560	3540
1816	 P	72600	4300
1817	 P	72640	2300
1818	 P	72680	10700
1819	 P	72720	2710
1820	 P	72760	2260
1821	 P	72800	1660
1822	 P	72840	10250
1823	 P	72880	1710
1824	 P	72920	2550
1825	 P	72960	2010
1826	 P	73000	8350
1827	 P	73040	2020
1828	 P	73080	1960
1829	 P	73120	1230
1830	 P	73160	3100
1831	 P	73200	1450
1832	 P	73240	1930
1833	 P	73280	52210
1834	 P	73320	9440
1835	 P	73360	2010
1836	 P	73400	2880
1837	 P	73440	1880
1838	 P	73480	9050
1839	 P	73520	2520
1840	 P	73560	2520
1841	 P	73600	1530
1842	 P	73640	8610
1843	 P	73680	2340
1844	 P	73720	2680
1845	 P	73760	1950
1846	 P	73800	9420
1847	 P	73840	2360
1848	 P	73880	3180
1849	 P	73920	2840
1850	 P	73960	9960
1851	 P	74000	3110
1852	 P	74040	2480
1853	 P	74080	2100
1854	 P	74120	12260
1855	 P	74160	2600
1856	 P	74200	3470
1857	 P	74240	2760
1858	 P	74280	9220
1859	 P	74320	2430
1860	 P	74360	3220
1861	 P	74400	2580
1862	 P	74440	4080
1863	 P	74480	2240
1864	 P	74520	2430
1865	 P	74560	51430
1866	 P	74600	10060
1867	 P	74640	2290
1868	 P	74680	3510
1869	 P	74720	2390
1870	 P	74760	11630
1871	 P	74800	2490
1872	 P	74840	4030
1873	 P	74880	3280
1874	 P	74920	7980
1875	 P	74960	2660
1876	 P	75000	3720
1877	 P	75040	3160
1878	 P	75080	9930
1879	 P	75120	3310
1880	 P	75160	4000
1881	 P	75200	2690
1882	 P	75240	11980
1883	 P	75280	3750
1884	 P	75320	3810
1885	 P	75360	3110
1886	 P	75400	12380
1887	 P	75440	3770
1888	 P	75480	4030
1889	 P	75520	2790
1890	 P	75560	11460
1891	 P	75600	4030
1892	 P	75640	5070
1893	 P	75680	4600
1894	 P	75720	8240
1895	 P	75760	4620
1896	 P	75800	3420
1897	 P	75840	56120
1898	 P	75880	7800
1899	 P	75920	2110
1900	 P	75960	2240
1901	 P	76000	1680
1902	 P	76040	7730
1903	 P	76080	1970
1904	 P	76120	2350
1905	 P	76160	1670
1906	 P	76200	4670
1907	 P	76240	1710
1908	 P	76280	1930
1909	 P	76320	1520
1910	 P	76360	4990
1911	 P	76400	1760
1912	 P	76440	2240
1913	 P	76480	1450
1914	 P	76520	5610
1915	 P	76560	1350
1916	 P	76600	1980
1917	 P	76640	1750
1918	 P	76680	6950
1919	 P	76720	1530
1920	 P	76760	2140
1921	 P	76800	1760
1922	 P	76840	9040
1923	 P	76880	1740
1924	 P	76920	2840
1925	 P	76960	2160
1926	 P	77000	6570
1927	 P	77040	2380
1928	 P	77080	2520
1929	 P	77120	52560
1930	 P	77160	11580
1931	 P	77200	2500
1932	 P	77240	3260
1933	 P	77280	2190
1934	 P	77320	9480
1935	 P	77360	2850
1936	 P	77400	3410
1937	 P	77440	2610
1938	 P	77480	11840
1939	 P	77520	3140
1940	 P	77560	5250
1941	 P	77600	3440
1942	 P	77640	12230
1943	 P	77680	3890
1944	 P	77720	5620
1945	 P	77760	4110
1946	 P	77800	11840
1947	 P	77840	3950
1948	 P	77880	4320
1949	 P	77920	2990
1950	 P	77960	11710
1951	 P	78000	2730
1952	 P	78040	3320
1953	 P	78080	3580
1954	 P	78120	18870
1955	 P	78160	7160
1956	 P	78200	8900
1957	 P	78240	7540
1958	 P	78280	8250
1959	 P	78320	4850
1960	 P	78360	2340
1961	 P	78400	50470
1962	 P	78440	7490
1963	 P	78480	1930
1964	 P	78520	2730
1965	 P	78560	2290
1966	 P	78600	5830
1967	 P	78640	1540
1968	 P	78680	2170
1969	 P	78720	2220
1970	 P	78760	15100
1971	 P	78800	2730
1972	 P	78840	5660
1973	 P	78880	5330
1974	 P	78920	19150
1975	 P	78960	5210
1976	 P	79000	5610
1977	 P	79040	3690
1978	 P	79080	15760
1979	 P	79120	4540
1980	 P	79160	4980
1981	 P	79200	3470
1982	 P	79240	17390
1983	 P	79280	4420
1984	 P	79320	6140
1985	 P	79360	5050
1986	 P	79400	16010
1987	 P	79440	5100
1988	 P	79480	7250
1989	 P	79520	5400
1990	 P	79560	11110
1991	 P	79600	5010
1992	 P	79640	5100
1993	 P	79680	34260
1994	 P	79720	17550
1995	 P	79760	3870
1996	 P	79800	5490
1997	 P	79840	3910
1998	 P	79880	11090
1999	 P	79920	4420
2000	 P	79960	4770
2001	 P	80000	4980
2002	 P	80040	16870
2003	 P	80080	5090
2004	 P	80120	5040
2005	 P	80160	4520
2006	 P	80200	18350
2007	 P	80240	4510
2008	 P	80280	4680
2009	 P	80320	3020
2010	 P	80360	21350
2011	 P	80400	3630
2012	 P	80440	3600
2013	 P	80480	2560
2014	 P	80520	24690
2015	 P	80560	3480
2016	 P	80600	3340
2017	 P	80640	2920
2018	 P	80680	27180
2019	 P	80720	2990
2020	 P	80760	2760
2021	 P	80800	1800
2022	 P	80840	3360
2023	 P	80880	2040
2024	 P	80920	1750
2025	 P	80960	83460
2026	 P	81000	7950
2027	 P	81040	1450
2028	 P	81080	2260
2029	 P	81120	2100
2030	 P	81160	9020
2031	 P	81200	1460
2032	 P	81240	1690
2033	 P	81280	650
2034	 P	81320	6180
2035	 P	81360	780
2036	 P	81400	1410
2037	 P	81440	1380
2038	 P	81480	10050
2039	 P	81520	1430
2040	 P	81560	2130
2041	 P	81600	1500
2042	 P	81640	11020
2043	 P	81680	1930
2044	 P	81720	1280
2045	 P	81760	740
2046	 P	81800	8400
2047	 P	81840	1410
2048	 P	81880	1520
2049	 P	81920	1150
2050	 P	81960	6730
2051	 P	82000	1340
2052	 P	82040	1320
2053	 P	82080	760
2054	 P	82120	860
2055	 P	82160	990
2056	 P	82200	1100
2057	 P	82240	115240
2058	 P	82280	2340
2059	 P	82320	850
2060	 P	82360	930
2061	 P	82400	840
2062	 P	82440	3630
2063	 P	82480	770
2064	 P	82520	1190
2065	 P	82560	1250
2066	 P	82600	5300
2067	 P	82640	1050
2068	 P	82680	1590
2069	 P	82720	1450
2070	 P	82760	3600
2071	 P	82800	1070
2072	 P	82840	1360
2073	 P	82880	1310
2074	 P	82920	4520
2075	 P	82960	1310
2076	 P	83000	1350
2077	 P	83040	980
2078	 P	83080	3430
2079	 P	83120	990
2080	 P	83160	1020
2081	 P	83200	960
2082	 P	83240	3310
2083	 P	83280	1100
2084	 P	83320	1230
2085	 P	83360	1480
2086	 P	83400	1190
2087	 P	83440	1320
2088	 P	83480	1280
2089	 P	83520	98930
2090	 P	83560	2260
2091	 P	83600	1070
2092	 P	83640	840
2093	 P	83680	1080
2094	 P	83720	2220
2095	 P	83760	500
2096	 P	83800	1310
2097	 P	83840	1130
2098	 P	83880	1460
2099	 P	83920	850
2100	 P	83960	1160
2101	 P	84000	46120
2102	 P	84040	10750
2103	 P	84080	2160
2104	 P	84120	3630
2105	 P	84160	2780
2106	 P	84200	10120
2107	 P	84240	2580
2108	 P	84280	3200
2109	 P	84320	2230
2110	 P	84360	10120
2111	 P	84400	2940
2112	 P	84440	3700
2113	 P	84480	3140
2114	 P	84520	14170
2115	 P	84560	3570
2116	 P	84600	4350
2117	 P	84640	2710
2118	 P	84680	4280
2119	 P	84720	2410
2120	 P	84760	2170
2121	 P	84800	54420
2122	 P	84840	8600
2123	 P	84880	1510
2124	 P	84920	2470
2125	 P	84960	1890
2126	 P	85000	7270
2127	 P	85040	2030
2128	 P	85080	1620
2129	 P	85120	1220
2130	 P	85160	7040
2131	 P	85200	1400
2132	 P	85240	2170
2133	 P	85280	2030
2134	 P	85320	10160
2135	 P	85360	1840
2136	 P	85400	2970
2137	 P	85440	2160
2138	 P	85480	9000
2139	 P	85520	2290
2140	 P	85560	2690
2141	 P	85600	1410
2142	 P	85640	9090
2143	 P	85680	2280
2144	 P	85720	2570
2145	 P	85760	2030
2146	 P	85800	9410
2147	 P	85840	1870
2148	 P	85880	2960
2149	 P	85920	3110
2150	 P	85960	5390
2151	 P	86000	2600
2152	 P	86040	2120
2153	 P	86080	51660
2154	 P	86120	11250
2155	 P	86160	2380
2156	 P	86200	3400
2157	 P	86240	2630
2158	 P	86280	9150
2159	 P	86320	2600
2160	 P	86360	3250
2161	 P	86400	2320
2162	 P	86440	7370
2163	 P	86480	2480
2164	 P	86520	3310
2165	 P	86560	2500
2166	 P	86600	10140
2167	 P	86640	2340
2168	 P	86680	3360
2169	 P	86720	1550
2170	 P	86760	11090
2171	 P	86800	2730
2172	 P	86840	3720
2173	 P	86880	3050
2174	 P	86920	8160
2175	 P	86960	2510
2176	 P	87000	3310
2177	 P	87040	2860
2178	 P	87080	10030
2179	 P	87120	3230
2180	 P	87160	4220
2181	 P	87200	3110
2182	 P	87240	6420
2183	 P	87280	3290
2184	 P	87320	2670
2185	 P	87360	50970
2186	 P	87400	10820
2187	 P	87440	3060
2188	 P	87480	3830
2189	 P	87520	2240
2190	 P	87560	11200
2191	 P	87600	4050
2192	 P	87640	4560
2193	 P	87680	4630
2194	 P	87720	14950
2195	 P	87760	4840
2196	 P	87800	4210
2197	 P	87840	2130
2198	 P	87880	9510
2199	 P	87920	2430
2200	 P	87960	2040
2201	 P	88000	1540
2202	 P	88040	7410
2203	 P	88080	1820
2204	 P	88120	2150
2205	 P	88160	1510
2206	 P	88200	5350
2207	 P	88240	1650
2208	 P	88280	1830
2209	 P	88320	1620
2210	 P	88360	5630
2211	 P	88400	1760
2212	 P	88440	2160
2213	 P	88480	1490
2214	 P	88520	2470
2215	 P	88560	1430
2216	 P	88600	1770
2217	 P	88640	51910
2218	 P	88680	6190
2219	 P	88720	1290
2220	 P	88760	1900
2221	 P	88800	1660
2222	 P	88840	8800
2223	 P	88880	1810
2224	 P	88920	2600
2225	 P	88960	2110
2226	 P	89000	12640
2227	 P	89040	2630
2228	 P	89080	3870
2229	 P	89120	2320
2230	 P	89160	12900
2231	 P	89200	2770
2232	 P	89240	3170
2233	 P	89280	2160
2234	 P	89320	9780
2235	 P	89360	3040
2236	 P	89400	3240
2237	 P	89440	2450
2238	 P	89480	10890
2239	 P	89520	3120
2240	 P	89560	5050
2241	 P	89600	4180
2242	 P	89640	11690
2243	 P	89680	3770
2244	 P	89720	5910
2245	 P	89760	4120
2246	 P	89800	6790
2247	 P	89840	3420
2248	 P	89880	3470
2249	 P	89920	39740
2250	 P	89960	11360
2251	 P	90000	2740
2252	 P	90040	3270
2253	 P	90080	3690
2254	 P	90120	18300
2255	 P	90160	6380
2256	 P	90200	8970
2257	 P	90240	7340
2258	 P	90280	16210
2259	 P	90320	4820
2260	 P	90360	2950
2261	 P	90400	1750
2262	 P	90440	8800
2263	 P	90480	2190
2264	 P	90520	2720
2265	 P	90560	1950
2266	 P	90600	6360
2267	 P	90640	1680
2268	 P	90680	2430
2269	 P	90720	2160
2270	 P	90760	15440
2271	 P	90800	2870
2272	 P	90840	5140
2273	 P	90880	5140
2274	 P	90920	19860
2275	 P	90960	5050
2276	 P	91000	5470
2277	 P	91040	3530
2278	 P	91080	9230
2279	 P	91120	4300
2280	 P	91160	3880
2281	 P	91200	37410
2282	 P	91240	15030
2283	 P	91280	3390
2284	 P	91320	5510
2285	 P	91360	5070
2286	 P	91400	16510
2287	 P	91440	5000
2288	 P	91480	6900
2289	 P	91520	5570
2290	 P	91560	19210
2291	 P	91600	4890
2292	 P	91640	6480
2293	 P	91680	4090
2294	 P	91720	18550
2295	 P	91760	4840
2296	 P	91800	5460
2297	 P	91840	3930
2298	 P	91880	11080
2299	 P	91920	4260
2300	 P	91960	4950
2301	 P	92000	4720
2302	 P	92040	17020
2303	 P	92080	4900
2304	 P	92120	5450
2305	 P	92160	4230
2306	 P	92200	18780
2307	 P	92240	5000
2308	 P	92280	4830
2309	 P	92320	2910
2310	 P	92360	6410
2311	 P	92400	3260
2312	 P	92440	3510
2313	 P	92480	53270
2314	 P	92520	20260
2315	 P	92560	2820
2316	 P	92600	3240
2317	 P	92640	3140
2318	 P	92680	21140
2319	 P	92720	2550
2320	 P	92760	2610
2321	 P	92800	1850
2322	 P	92840	10840
2323	 P	92880	2230
2324	 P	92920	2400
2325	 P	92960	1580
2326	 P	93000	13320
2327	 P	93040	2250
2328	 P	93080	2060
2329	 P	93120	1740
2330	 P	93160	17700
2331	 P	93200	1450
2332	 P	93240	1150
2333	 P	93280	680
2334	 P	93320	9770
2335	 P	93360	1260
2336	 P	93400	1600
2337	 P	93440	1330
2338	 P	93480	12380
2339	 P	93520	1630
2340	 P	93560	1840
2341	 P	93600	1130
2342	 P	93640	2400
2343	 P	93680	1590
2344	 P	93720	1940
2345	 P	93760	111460
2346	 P	93800	4190
2347	 P	93840	1090
2348	 P	93880	1580
2349	 P	93920	1440
2350	 P	93960	3050
2351	 P	94000	1450
2352	 P	94040	1470
2353	 P	94080	1490
2354	 P	94120	3170
2355	 P	94160	1030
2356	 P	94200	1090
2357	 P	94240	1440
2358	 P	94280	3780
2359	 P	94320	1150
2360	 P	94360	1470
2361	 P	94400	1060
2362	 P	94440	4900
2363	 P	94480	1220
2364	 P	94520	1210
2365	 P	94560	490
2366	 P	94600	5840
2367	 P	94640	1200
2368	 P	94680	1270
2369	 P	94720	1410
2370	 P	94760	4570
2371	 P	94800	1180
2372	 P	94840	1180
2373	 P	94880	1140
2374	 P	94920	1380
2375	 P	94960	1200
2376	 P	95000	1350
2377	 P	95040	110770
2378	 P	95080	1970
2379	 P	95120	590
2380	 P	95160	750
2381	 P	95200	970
2382	 P	95240	2530
2383	 P	95280	690
2384	 P	95320	1140
2385	 P	95360	1270
2386	 P	95400	3970
2387	 P	95440	1400
2388	 P	95480	1480
2389	 P	95520	1410
2390	 P	95560	2960
2391	 P	95600	1300
2392	 P	95640	1270
2393	 P	95680	1550
2394	 P	95720	2380
2395	 P	95760	890
2396	 P	95800	1070
2397	 P	95840	1280
2398	 P	95880	1540
2399	 P	95920	1080
2400	 P	95960	1290
2401	 P	96000	46160
2402	 P	96040	10670
2403	 P	96080	2360
2404	 P	96120	3410
2405	 P	96160	2680
2406	 P	96200	9800
2407	 P	96240	2750
2408	 P	96280	3580
2409	 P	96320	2170
2410	 P	96360	10180
2411	 P	96400	2880
2412	 P	96440	3830
2413	 P	96480	3040
2414	 P	96520	14650
2415	 P	96560	3530
2416	 P	96600	4370
2417	 P	96640	2310
2418	 P	96680	10520
2419	 P	96720	2510
2420	 P	96760	2450
2421	 P	96800	1670
2422	 P	96840	10800
2423	 P	96880	1700
2424	 P	96920	2550
2425	 P	96960	2090
2426	 P	97000	7970
2427	 P	97040	1990
2428	 P	97080	1640
2429	 P	97120	1400
2430	 P	97160	2950
2431	 P	97200	1480
2432	 P	97240	1810
2433	 P	97280	51900
2434	 P	97320	8910
2435	 P	97360	2010
2436	 P	97400	3160
2437	 P	97440	2000
2438	 P	97480	8800
2439	 P	97520	2330
2440	 P	97560	2360
2441	 P	97600	1320
2442	 P	97640	8890
2443	 P	97680	2220
2444	 P	97720	2790
2445	 P	97760	2080
2446	 P	97800	9810
2447	 P	97840	2030
2448	 P	97880	3070
2449	 P	97920	3200
2450	 P	97960	10290
2451	 P	98000	2960
2452	 P	98040	2870
2453	 P	98080	2000
2454	 P	98120	11930
2455	 P	98160	2560
2456	 P	98200	3540
2457	 P	98240	2730
2458	 P	98280	8940
2459	 P	98320	2760
2460	 P	98360	3080
2461	 P	98400	2230
2462	 P	98440	4390
2463	 P	98480	2410
2464	 P	98520	2460
2465	 P	98560	51220
2466	 P	98600	9810
2467	 P	98640	2200
2468	 P	98680	3710
2469	 P	98720	2260
2470	 P	98760	11440
2471	 P	98800	2610
2472	 P	98840	4280
2473	 P	98880	3150
2474	 P	98920	8050
2475	 P	98960	2710
2476	 P	99000	3650
2477	 P	99040	2970
2478	 P	99080	9390
2479	 P	99120	3160
2480	 P	99160	4410
2481	 P	99200	3230
2482	 P	99240	11640
2483	 P	99280	3310
2484	 P	99320	4410
2485	 P	99360	2990
2486	 P	99400	12600
2487	 P	99440	3630
2488	 P	99480	3830
2489	 P	99520	2350
2490	 P	99560	11030
2491	 P	99600	3850
2492	 P	99640	4490
2493	 P	99680	5050
2494	 P	99720	7960
2495	 P	99760	4200
2496	 P	99800	3070
2497	 P	99840	55600
2498	 P	99880	7790
2499	 P	99920	2060
2500	 P	99960	2320
2501	 P	100000	1540
2502	 P	100040	7460
2503	 P	100080	1950
2504	 P	100120	2290
2505	 P	100160	1730
2506	 P	100200	4930
2507	 P	100240	1720
2508	 P	100280	1860
2509	 P	100320	1550
2510	 P	100360	5240
2511	 P	100400	1770
2512	 P	100440	2080
2513	 P	100480	1520
2514	 P	100520	5460
2515	 P	100560	1680
2516	 P	100600	1900
2517	 P	100640	1700
2518	 P	100680	6630
2519	 P	100720	1390
2520	 P	100760	2060
2521	 P	100800	1770
2522	 P	100840	9000
2523	 P	100880	1880
2524	 P	100920	2730
2525	 P	100960	2290
2526	 P	101000	6300
2527	 P	101040	2200
2528	 P	101080	2640
2529	 P	101120	52590
2530	 P	101160	11300
2531	 P	101200	2420
2532	 P	101240	3590
2533	 P	101280	2210
2534	 P	101320	9970
2535	 P	101360	2830
2536	 P	101400	3360
2537	 P	101440	2900
2538	 P	101480	11730
2539	 P	101520	3070
2540	 P	101560	4690
2541	 P	101600	4080
2542	 P	101640	11790
2543	 P	101680	4030
2544	 P	101720	5500
2545	 P	101760	4160
2546	 P	101800	12590
2547	 P	101840	3930
2548	 P	101880	4120
2549	 P	101920	3250
2550	 P	101960	11250
2551	 P	102000	2700
2552	 P	102040	3460
2553	 P	102080	3650
2554	 P	102120	18540
2555	 P	102160	6520
2556	 P	102200	8840
2557	 P	102240	7420
2558	 P	102280	8130
2559	 P	102320	4800
2560	 P	102360	2180
2561	 P	102400	50140
2562	 P	102440	7400
2563	 P	102480	2060
2564	 P	102520	2800
2565	 P	102560	1960
2566	 P	102600	5950
2567	 P	102640	1760
2568	 P	102680	2170
2569	 P	102720	2160
2570	 P	102760	15240
2571	 P	102800	3020
2572	 P	102840	5360
2573	 P	102880	5000
2574	 P	102920	19740
2575	 P	102960	4890
2576	 P	103000	5490
2577	 P	103040	3630
2578	 P	103080	15370
2579	 P	103120	4440
2580	 P	103160	5180
2581	 P	103200	3580
2582	 P	103240	17880
2583	 P	103280	4320
2584	 P	103320	5920
2585	 P	103360	5130
2586	 P	103400	16400
2587	 P	103440	5410
2588	 P	103480	6800
2589	 P	103520	5830
2590	 P	103560	10620
2591	 P	103600	4970
2592	 P	103640	5020
2593	 P	103680	33980
2594	 P	103720	17230
2595	 P	103760	3760
2596	 P	103800	5320
2597	 P	103840	3580
2598	 P	103880	10920
2599	 P	103920	4080
2600	 P	103960	5140
2601	 P	104000	4960
2602	 P	104040	17440
2603	 P	104080	4930
2604	 P	104120	5470
2605	 P	104160	4530
2606	 P	104200	19150
2607	 P	104240	4660
2608	 P	104280	4440
2609	 P	104320	2850
2610	 P	104360	21570
2611	 P	104400	3510
2612	 P	104440	3450
2613	 P	104480	2520
2614	 P	104520	25620
2615	 P	104560	3600
2616	 P	104600	3780
2617	 P	104640	2940
2618	 P	104680	27310
2619	 P	104720	3060
2620	 P	104760	2830
2621	 P	104800	1870
2622	 P	104840	3150
2623	 P	104880	1950
2624	 P	104920	2050
2625	 P	104960	83530
2626	 P	105000	8160
2627	 P	105040	1520
2628	 P	105080	2060
2629	 P	105120	2050
2630	 P	105160	9480
2631	 P	105200	1690
2632	 P	105240	1830
2633	 P	105280	730
2634	 P	105320	7080
2635	 P	105360	980
2636	 P	105400	1420
2637	 P	105440	1410
2638	 P	105480	9810
2639	 P	105520	1430
2640	 P	105560	2000
2641	 P	105600	1650
2642	 P	105640	11680
2643	 P	105680	1900
2644	 P	105720	1980
2645	 P	105760	1240
2646	 P	105800	8900
2647	 P	105840	1470
2648	 P	105880	1700
2649	 P	105920	1090
2650	 P	105960	5840
2651	 P	106000	1290
2652	 P	106040	1380
2653	 P	106080	760
2654	 P	106120	960
2655	 P	106160	1160
2656	 P	106200	1290
2657	 P	106240	115690
2658	 P	106280	2220
2659	 P	106320	810
2660	 P	106360	920
2661	 P	106400	790
2662	 P	106440	3550
2663	 P	106480	1150
2664	 P	106520	1010
2665	 P	106560	1170
2666	 P	106600	5410
2667	 P	106640	1180
2668	 P	106680	1540
2669	 P	106720	1430
2670	 P	106760	3290
2671	 P	106800	1120
2672	 P	106840	1400
2673	 P	106880	1320
2674	 P	106920	4030
2675	 P	106960	1130
2676	 P	107000	1460
2677	 P	107040	1150
2678	 P	107080	3770
2679	 P	107120	1010
2680	 P	107160	1150
2681	 P	107200	1040
2682	 P	107240	3260
2683	 P	107280	1130
2684	 P	107320	1310
2685	 P	107360	1300
2686	 P	107400	1360
2687	 P	107440	1280
2688	 P	107480	1310
2689	 P	107520	98930
2690	 P	107560	2130
2691	 P	107600	960
2692	 P	107640	1020
2693	 P	107680	1060
2694	 P	107720	2230
2695	 P	107760	540
2696	 P	107800	1340
2697	 P	107840	1050
2698	 P	107880	1720
2699	 P	107920	1240
2700	 P	107960	1250
2701	 P	108000	46160
2702	 P	108040	10720
2703	 P	108080	2120
2704	 P	108120	3480
2705	 P	108160	2520
2706	 P	108200	9690
2707	 P	108240	2770
2708	 P	108280	3160
2709	 P	108320	2150
2710	 P	108360	10460
2711	 P	108400	2990
2712	 P	108440	3790
2713	 P	108480	3370
2714	 P	108520	14120
2715	 P	108560	3650
2716	 P	108600	4130
2717	 P	108640	2330
2718	 P	108680	4260
2719	 P	108720	2170
2720	 P	108760	1910
2721	 P	108800	54340
2722	 P	108840	8900
2723	 P	108880	1500
2724	 P	108920	2500
2725	 P	108960	1990
2726	 P	109000	7210
2727	 P	109040	2070
2728	 P	109080	1710
2729	 P	109120	1290
2730	 P	109160	6930
2731	 P	109200	1440
2732	 P	109240	2120
2733	 P	109280	2080
2734	 P	109320	9880
2735	 P	109360	1960
2736	 P	109400	2880
2737	 P	109440	2190
2738	 P	109480	8910
2739	 P	109520	2390
2740	 P	109560	2670
2741	 P	109600	1490
2742	 P	109640	9020
2743	 P	109680	2490
2744	 P	109720	2640
2745	 P	109760	1980
2746	 P	109800	8930
2747	 P	109840	1970
2748	 P	109880	3080
2749	 P	109920	2970
2750	 P	109960	5160
2751	 P	110000	2630
2752	 P	110040	2320
2753	 P	110080	51260
2754	 P	110120	11300
2755	 P	110160	2240
2756	 P	110200	3250
2757	 P	110240	2770
2758	 P	110280	8910
2759	 P	110320	2460
2760	 P	110360	3190
2761	 P	110400	2380
2762	 P	110440	7180
2763	 P	110480	2310
2764	 P	110520	3040
2765	 P	110560	2540
2766	 P	110600	10100
2767	 P	110640	2500
2768	 P	110680	3750
2769	 P	110720	1880
2770	 P	110760	10990
2771	 P	110800	2740
2772	 P	110840	4070
2773	 P	110880	3270
2774	 P	110920	8040
2775	 P	110960	2730
2776	 P	111000	3440
2777	 P	111040	2780
2778	 P	111080	9700
2779	 P	111120	3000
2780	 P	111160	4490
2781	 P	111200	3120
2782	 P	111240	6470
2783	 P	111280	3110
2784	 P	111320	2830
2785	 P	111360	50530
2786	 P	111400	11120
2787	 P	111440	3070
2788	 P	111480	3780
2789	 P	111520	2370
2790	 P	111560	11210
2791	 P	111600	4030
2792	 P	111640	4650
2793	 P	111680	4560
2794	 P	111720	14970
2795	 P	111760	4420
2796	 P	111800	4060
2797	 P	111840	1890
2798	 P	111880	8830
2799	 P	111920	2330
2800	 P	111960	2080
2801	 P	112000	1460
2802	 P	112040	7160
2803	 P	112080	1770
2804	 P	112120	2230
2805	 P	112160	1680
2806	 P	112200	5080
2807	 P	112240	1580
2808	 P	112280	1690
2809	 P	112320	1460
2810	 P	112360	5670
2811	 P	112400	1730
2812	 P	112440	2370
2813	 P	112480	1830
2814	 P	112520	2050
2815	 P	112560	1350
2816	 P	112600	1470
2817	 P	112640	52100
2818	 P	112680	5560
2819	 P	112720	1250
2820	 P	112760	1810
2821	 P	112800	1630
2822	 P	112840	8840
2823	 P	112880	1960
2824	 P	112920	2810
2825	 P	112960	2150
2826	 P	113000	12860
2827	 P	113040	2470
2828	 P	113080	3470
2829	 P	113120	2140
2830	 P	113160	12650
2831	 P	113200	2930
2832	 P	113240	3150
2833	 P	113280	2160
2834	 P	113320	9560
2835	 P	113360	2940
2836	 P	113400	3360
2837	 P	113440	2650
2838	 P	113480	11230
2839	 P	113520	3340
2840	 P	113560	4890
2841	 P	113600	3920
2842	 P	113640	11760
2843	 P	113680	3790
2844	 P	113720	5400
2845	 P	113760	4250
2846	 P	113800	7060
2847	 P	113840	3540
2848	 P	113880	3520
2849	 P	113920	39500
2850	 P	113960	10980
2851	 P	114000	2580
2852	 P	114040	3220
2853	 P	114080	3520
2854	 P	114120	18270
2855	 P	114160	6420
2856	 P	114200	8830
2857	 P	114240	7250
2858	 P	114280	16360
2859	 P	114320	5040
2860	 P	114360	2780
2861	 P	114400	1840
2862	 P	114440	8960
2863	 P	114480	2170
2864	 P	114520	2710
2865	 P	114560	2060
2866	 P	114600	6260
2867	 P	114640	1590
2868	 P	114680	2290
2869	 P	114720	2090
2870	 P	114760	15400
2871	 P	114800	2920
2872	 P	114840	5180
2873	 P	114880	5130
2874	 P	114920	19410
2875	 P	114960	5180
2876	 P	115000	5260
2877	 P	115040	3290
2878	 P	115080	9250
2879	 P	115120	4410
2880	 P	115160	4070
2881	 P	115200	37370
2882	 P	115240	15400
2883	 P	115280	3130
2884	 P	115320	5520
2885	 P	115360	5110
2886	 P	115400	16620
2887	 P	115440	5150
2888	 P	115480	6740
2889	 P	115520	5650
2890	 P	115560	19500
2891	 P	115600	4750
2892	 P	115640	6130
2893	 P	115680	4010
2894	 P	115720	19340
2895	 P	115760	4190
2896	 P	115800	5110
2897	 P	115840	3630
2898	 P	115880	11260
2899	 P	115920	4200
2900	 P	115960	5110
2901	 P	116000	4560
2902	 P	116040	16970
2903	 P	116080	4860
2904	 P	116120	5150
2905	 P	116160	4450
2906	 P	116200	18640
2907	 P	116240	4600
2908	 P	116280	5040
2909	 P	116320	3060
2910	 P	116360	6500
2911	 P	116400	3540
2912	 P	116440	3970
2913	 P	116480	53140
2914	 P	116520	19980
2915	 P	116560	2670
2916	 P	116600	3430
2917	 P	116640	3170
2918	 P	116680	22670
2919	 P	116720	2810
2920	 P	116760	2720
2921	 P	116800	1860
2922	 P	116840	9850
2923	 P	116880	2190
2924	 P	116920	2460
2925	 P	116960	1630
2926	 P	117000	13700
2927	 P	117040	2220
2928	 P	117080	2030
2929	 P	117120	1710
2930	 P	117160	16510
2931	 P	117200	1600
2932	 P	117240	1300
2933	 P	117280	760
2934	 P	117320	9540
2935	 P	117360	1250
2936	 P	117400	1520
2937	 P	117440	1520
2938	 P	117480	12760
2939	 P	117520	1770
2940	 P	117560	2120
2941	 P	117600	1130
2942	 P	117640	2380
2943	 P	117680	1480
2944	 P	117720	1910
2945	 P	117760	111800
2946	 P	117800	4320
2947	 P	117840	990
2948	 P	117880	1410
2949	 P	117920	1340
2950	 P	117960	3180
2951	 P	118000	1320
2952	 P	118040	1620
2953	 P	118080	1490
2954	 P	118120	3310
2955	 P	118160	1140
2956	 P	118200	1190
2957	 P	118240	1420
2958	 P	118280	4610
2959	 P	118320	1360
2960	 P	118360	1220
2961	 P	118400	970
2962	 P	118440	4370
2963	 P	118480	1020
2964	 P	118520	1300
2965	 P	118560	920
2966	 P	118600	5430
2967	 P	118640	910
2968	 P	118680	1320
2969	 P	118720	1510
2970	 P	118760	4690
2971	 P	118800	1270
2972	 P	118840	1210
2973	 P	118880	1250
2974	 P	118920	1330
2975	 P	118960	1180
2976	 P	119000	1190
2977	 P	119040	111180
2978	 P	119080	1950
2979	 P	119120	520
2980	 P	119160	840
2981	 P	119200	830
2982	 P	119240	2580
2983	 P	119280	710
2984	 P	119320	1110
2985	 P	119360	1210
2986	 P	119400	3730
2987	 P	119440	1420
2988	 P	119480	1500
2989	 P	119520	1390
2990	 P	119560	2860
2991	 P	119600	1220
2992	 P	119640	1260
2993	 P	119680	1520
2994	 P	119720	2560
2995	 P	119760	890
2996	 P	119800	1180
2997	 P	119840	1390
2998	 P	119880	1500
2999	 P	119920	1190
3000	 P	119960	1280
3001	 P	120000	46160
3002	 P	120040	10620
3003	 P	120080	2350
3004	 P	120120	3720
3005	 P	120160	2640
3006	 P	120200	9580
3007	 P	120240	2750
3008	 P	120280	3350
3009	 P	120320	2120
3010	 P	120360	10600
3011	 P	120400	3090
3012	 P	120440	4010
3013	 P	120480	2860
3014	 P	120520	14200
3015	 P	120560	3430
3016	 P	120600	4210
3017	 P	120640	2280
3018	 P	120680	10490
3019	 P	120720	2550
3020	 P	120760	2280
3021	 P	120800	1680
3022	 P	120840	11060
3023	 P	120880	1490
3024	 P	120920	2700
3025	 P	120960	2060
3026	 P	121000	7650
3027	 P	121040	1970
3028	 P	121080	1770
3029	 P	121120	1360
3030	 P	121160	2830
3031	 P	121200	1450
3032	 P	121240	1800
3033	 P	121280	52210
3034	 P	121320	9220
3035	 P	121360	2000
3036	 P	121400	3170
3037	 P	121440	1840
3038	 P	121480	8720
3039	 P	121520	2260
3040	 P	121560	2490
3041	 P	121600	1420
3042	 P	121640	9030
3043	 P	121680	2300
3044	 P	121720	2900
3045	 P	121760	2020
3046	 P	121800	9260
3047	 P	121840	1870
3048	 P	121880	2830
3049	 P	121920	3000
3050	 P	121960	10140
3051	 P	122000	3000
3052	 P	122040	3060
3053	 P	122080	2320
3054	 P	122120	12130
3055	 P	122160	2460
3056	 P	122200	3560
3057	 P	122240	2620
3058	 P	122280	9130
3059	 P	122320	2350
3060	 P	122360	3010
3061	 P	122400	2400
3062	 P	122440	3800
3063	 P	122480	2410
3064	 P	122520	2880
3065	 P	122560	51580
3066	 P	122600	9610
3067	 P	122640	2120
3068	 P	122680	3760
3069	 P	122720	2100
3070	 P	122760	11200
3071	 P	122800	2590
3072	 P	122840	4150
3073	 P	122880	3130
3074	 P	122920	8160
3075	 P	122960	2460
3076	 P	123000	3440
3077	 P	123040	2960
3078	 P	123080	9710
3079	 P	123120	3140
3080	 P	123160	4520
3081	 P	123200	3170
3082	 P	123240	12160
3083	 P	123280	3290
3084	 P	123320	4240
3085	 P	123360	3050
3086	 P	123400	12290
3087	 P	123440	3720
3088	 P	123480	3840
3089	 P	123520	2480
3090	 P	123560	10870
3091	 P	123600	4070
3092	 P	123640	4750
3093	 P	123680	4930
3094	 P	123720	7720
3095	 P	123760	4340
3096	 P	123800	3410
3097	 P	123840	55080
3098	 P	123880	7910
3099	 P	123920	2080
3100	 P	123960	2150
3101	 P	124000	1430
3102	 P	124040	6790
3103	 P	124080	1850
3104	 P	124120	2300
3105	 P	124160	1590
3106	 P	124200	4880
3107	 P	124240	1650
3108	 P	124280	1920
3109	 P	124320	1580
3110	 P	124360	5310
3111	 P	124400	2130
3112	 P	124440	1990
3113	 P	124480	1410
3114	 P	124520	5610
3115	 P	124560	1810
3116	 P	124600	1880
3117	 P	124640	1520
3118	 P	124680	7380
3119	 P	124720	1290
3120	 P	124760	2190
3121	 P	124800	1690
3122	 P	124840	9230
3123	 P	124880	1920
3124	 P	124920	2700
3125	 P	124960	2120
3126	 P	125000	6480
3127	 P	125040	2450
3128	 P	125080	2550
3129	 P	125120	52510
3130	 P	125160	11430
3131	 P	125200	2520
3132	 P	125240	3710
3133	 P	125280	2080
3134	 P	125320	9470
3135	 P	125360	2930
3136	 P	125400	3190
3137	 P	125440	2550
3138	 P	125480	11380
3139	 P	125520	3060
3140	 P	125560	5210
3141	 P	125600	3800
3142	 P	125640	11670
3143	 P	125680	3810
3144	 P	125720	5790
3145	 P	125760	4410
3146	 P	125800	12200
3147	 P	125840	3890
3148	 P	125880	4390
3149	 P	125920	3280
3150	 P	125960	11310
3151	 P	126000	2630
3152	 P	126040	3750
3153	 P	126080	3630
3154	 P	126120	18070
3155	 P	126160	6940
3156	 P	126200	8600
3157	 P	126240	7520
3158	 P	126280	8460
3159	 P	126320	4960
3160	 P	126360	2350
3161	 P	126400	49770
3162	 P	126440	7360
3163	 P	126480	2000
3164	 P	126520	2930
3165	 P	126560	1980
3166	 P	126600	5600
3167	 P	126640	1590
3168	 P	126680	2060
3169	 P	126720	2400
3170	 P	126760	14680
3171	 P	126800	3190
3172	 P	126840	5550
3173	 P	126880	5170
3174	 P	126920	19670
3175	 P	126960	5570
3176	 P	127000	5570
3177	 P	127040	3840
3178	 P	127080	15150
3179	 P	127120	4590
3180	 P	127160	4980
3181	 P	127200	3670
3182	 P	127240	16990
3183	 P	127280	4340
3184	 P	127320	5970
3185	 P	127360	5230
3186	 P	127400	16120
3187	 P	127440	4960
3188	 P	127480	6790
3189	 P	127520	6000
3190	 P	127560	10690
3191	 P	127600	4830
3192	 P	127640	5770
3193	 P	127680	34110
3194	 P	127720	17420
3195	 P	127760	3800
3196	 P	127800	5230
3197	 P	127840	3780
3198	 P	127880	11150
3199	 P	127920	4400
3200	 P	127960	5350
3201	 P	128000	4940
3202	 P	128040	16690
3203	 P	128080	4480
3204	 P	128120	5400
3205	 P	128160	4270
3206	 P	128200	19170
3207	 P	128240	4590
3208	 P	128280	4610
3209	 P	128320	3010
3210	 P	128360	20680
3211	 P	128400	3470
3212	 P	128440	3390
3213	 P	128480	2400
3214	 P	128520	25470
3215	 P	128560	3730
3216	 P	128600	3400
3217	 P	128640	3070
3218	 P	128680	25590
3219	 P	128720	2980
3220	 P	128760	2460
3221	 P	128800	1900
3222	 P	128840	3370
3223	 P	128880	1680
3224	 P	128920	1790
3225	 P	128960	83460
3226	 P	129000	8050
3227	 P	129040	1470
3228	 P	129080	2310
3229	 P	129120	2130
3230	 P	129160	9320
3231	 P	129200	1680
3232	 P	129240	1760
3233	 P	129280	670
3234	 P	129320	6430
3235	 P	129360	740
3236	 P	129400	1440
3237	 P	129440	1410
3238	 P	129480	10640
3239	 P	129520	1640
3240	 P	129560	2010
3241	 P	129600	1800
3242	 P	129640	11330
3243	 P	129680	1780
3244	 P	129720	1560
3245	 P	129760	770
3246	 P	129800	8500
3247	 P	129840	1360
3248	 P	129880	1690
3249	 P	129920	1060
3250	 P	129960	7430
3251	 P	130000	1440
3252	 P	130040	1540
3253	 P	130080	970
3254	 P	130120	760
3255	 P	130160	1140
3256	 P	130200	1030
3257	 P	130240	115690
3258	 P	130280	2220
3259	 P	130320	810
3260	 P	130360	920
3261	 P	130400	790
3262	 P	130440	3560
3263	 P	130480	1150
3264	 P	130520	1040
3265	 P	130560	1170
3266	 P	130600	5600
3267	 P	130640	1210
3268	 P	130680	1500
3269	 P	130720	1350
3270	 P	130760	3320
3271	 P	130800	1130
3272	 P	130840	1400
3273	 P	130880	1330
3274	 P	130920	4430
3275	 P	130960	1270
3276	 P	131000	1340
3277	 P	131040	1220
3278	 P	131080	4140
3279	 P	131120	990
3280	 P	131160	1100
3281	 P	131200	1070
3282	 P	131240	3110
3283	 P	131280	1080
3284	 P	131320	1520
3285	 P	131360	1290
3286	 P	131400	1270
3287	 P	131440	1370
3288	 P	131480	1390
3289	 P	131520	98930
3290	 P	131560	2130
3291	 P	131600	960
3292	 P	131640	1020
3293	 P	131680	1060
3294	 P	131720	2230
3295	 P	131760	540
3296	 P	131800	1340
3297	 P	131840	1050
3298	 P	131880	1720
3299	 P	131920	1240
3300	 P	131960	1250
3301	 P	132000	46160
3302	 P	132040	10720
3303	 P	132080	2120
3304	 P	132120	3470
3305	 P	132160	2510
3306	 P	132200	9680
3307	 P	132240	2810
3308	 P	132280	3400
3309	 P	132320	2150
3310	 P	132360	10460
3311	 P	132400	2860
3312	 P	132440	3960
3313	 P	132480	3380
3314	 P	132520	14050
3315	 P	132560	3810
3316	 P	132600	4180
3317	 P	132640	2330
3318	 P	132680	4370
3319	 P	132720	2350
3320	 P	132760	1890
3321	 P	132800	54340
3322	 P	132840	8920
3323	 P	132880	1490
3324	 P	132920	2520
3325	 P	132960	2130
3326	 P	133000	6960
3327	 P	133040	1950
3328	 P	133080	1660
3329	 P	133120	1380
3330	 P	133160	6950
3331	 P	133200	1330
3332	 P	133240	1910
3333	 P	133280	1940
3334	 P	133320	10210
3335	 P	133360	2180
3336	 P	133400	2880
3337	 P	133440	2140
3338	 P	133480	8860
3339	 P	133520	2560
3340	 P	133560	2700
3341	 P	133600	1210
3342	 P	133640	8350
3343	 P	133680	2220
3344	 P	133720	2530
3345	 P	133760	1840
3346	 P	133800	9660
3347	 P	133840	2040
3348	 P	133880	3220
3349	 P	133920	3000
3350	 P	133960	5280
3351	 P	134000	2790
3352	 P	134040	2450
3353	 P	134080	51630
3354	 P	134120	11110
3355	 P	134160	2540
3356	 P	134200	3080
3357	 P	134240	2550
3358	 P	134280	8830
3359	 P	134320	2590
3360	 P	134360	3320
3361	 P	134400	2510
3362	 P	134440	7230
3363	 P	134480	2310
3364	 P	134520	3090
3365	 P	134560	2450
3366	 P	134600	9740
3367	 P	134640	2790
3368	 P	134680	3270
3369	 P	134720	2130
3370	 P	134760	10890
3371	 P	134800	2680
3372	 P	134840	3710
3373	 P	134880	2990
3374	 P	134920	8240
3375	 P	134960	2320
3376	 P	135000	3370
3377	 P	135040	2850
3378	 P	135080	9800
3379	 P	135120	3230
3380	 P	135160	4480
3381	 P	135200	2690
3382	 P	135240	6210
3383	 P	135280	3090
3384	 P	135320	2850
3385	 P	135360	50630
3386	 P	135400	11340
3387	 P	135440	2770
3388	 P	135480	3860
3389	 P	135520	2090
3390	 P	135560	11080
3391	 P	135600	3770
3392	 P	135640	4620
3393	 P	135680	4390
3394	 P	135720	14680
3395	 P	135760	4790
3396	 P	135800	3840
3397	 P	135840	2100
3398	 P	135880	9390
3399	 P	135920	2200
3400	 P	135960	2180
3401	 P	136000	1520
3402	 P	136040	7030
3403	 P	136080	1710
3404	 P	136120	2140
3405	 P	136160	1850
3406	 P	136200	5490
3407	 P	136240	1540
3408	 P	136280	1790
3409	 P	136320	1490
3410	 P	136360	5400
3411	 P	136400	1670
3412	 P	136440	2290
3413	 P	136480	1890
3414	 P	136520	2130
3415	 P	136560	1410
3416	 P	136600	1650
3417	 P	136640	51940
3418	 P	136680	5830
3419	 P	136720	1190
3420	 P	136760	1880
3421	 P	136800	1640
3422	 P	136840	8890
3423	 P	136880	1950
3424	 P	136920	2580
3425	 P	136960	2240
3426	 P	137000	13350
3427	 P	137040	2330
3428	 P	137080	3450
3429	 P	137120	2470
3430	 P	137160	12790
3431	 P	137200	2660
3432	 P	137240	3290
3433	 P	137280	2160
3434	 P	137320	9450
3435	 P	137360	2940
3436	 P	137400	3150
3437	 P	137440	2400
3438	 P	137480	11590
3439	 P	137520	3220
3440	 P	137560	5050
3441	 P	137600	3530
3442	 P	137640	11420
3443	 P	137680	3830
3444	 P	137720	5650
3445	 P	137760	4510
3446	 P	137800	6750
3447	 P	137840	3430
3448	 P	137880	3470
3449	 P	137920	39370
3450	 P	137960	10940
3451	 P	138000	2600
3452	 P	138040	3320
3453	 P	138080	3510
3454	 P	138120	17970
3455	 P	138160	6480
3456	 P	138200	9510
3457	 P	138240	7250
3458	 P	138280	16450
3459	 P	138320	4910
3460	 P	138360	2930
3461	 P	138400	1710
3462	 P	138440	9410
3463	 P	138480	2260
3464	 P	138520	2680
3465	 P	138560	1990
3466	 P	138600	6300
3467	 P	138640	1530
3468	 P	138680	2190
3469	 P	138720	2210
3470	 P	138760	15360
3471	 P	138800	2940
3472	 P	138840	5280
3473	 P	138880	4880
3474	 P	138920	19840
3475	 P	138960	5200
3476	 P	139000	5550
3477	 P	139040	3750
3478	 P	139080	9110
3479	 P	139120	4830
3480	 P	139160	3770
3481	 P	139200	37530
3482	 P	139240	14800
3483	 P	139280	3200
3484	 P	139320	5590
3485	 P	139360	5010
3486	 P	139400	16230
3487	 P	139440	4830
3488	 P	139480	7080
3489	 P	139520	5810
3490	 P	139560	19850
3491	 P	139600	5160
3492	 P	139640	6180
3493	 P	139680	4310
3494	 P	139720	18990
3495	 P	139760	4450
3496	 P	139800	5610
3497	 P	139840	3880
3498	 P	139880	11040
3499	 P	139920	4270
3500	 P	139960	5220
3501	 P	140000	4970
3502	 P	140040	16860
3503	 P	140080	4650
3504	 P	140120	5250
3505	 P	140160	4340
3506	 P	140200	18550
3507	 P	140240	4200
3508	 P	140280	4880
3509	 P	140320	2730
3510	 P	140360	6410
3511	 P	140400	3380
3512	 P	140440	3230
3513	 P	140480	53230
3514	 P	140520	20280
3515	 P	140560	2650
3516	 P	140600	3250
3517	 P	140640	3190
3518	 P	140680	22320
3519	 P	140720	2900
3520	 P	140760	2770
3521	 P	140800	1880
3522	 P	140840	10780
3523	 P	140880	2270
3524	 P	140920	2150
3525	 P	140960	1540
3526	 P	141000	13510
3527	 P	141040	2340
3528	 P	141080	2200
3529	 P	141120	1900
3530	 P	141160	17340
3531	 P	141200	1520
3532	 P	141240	1170
3533	 P	141280	810
3534	 P	141320	9800
3535	 P	141360	1400
3536	 P	141400	1590
3537	 P	141440	1380
3538	 P	141480	11710
3539	 P	141520	1610
3540	 P	141560	1950
3541	 P	141600	1620
3542	 P	141640	2290
3543	 P	141680	1570
3544	 P	141720	1710
3545	 P	141760	111800
3546	 P	141800	4320
3547	 P	141840	990
3548	 P	141880	1410
3549	 P	141920	1340
3550	 P	141960	3120
3551	 P	142000	1430
3552	 P	142040	1660
3553	 P	142080	1320
3554	 P	142120	3460
3555	 P	142160	1130
3556	 P	142200	1150
3557	 P	142240	1550
3558	 P	142280	4120
3559	 P	142320	1270
3560	 P	142360	1070
3561	 P	142400	1090
3562	 P	142440	4410
3563	 P	142480	1370
3564	 P	142520	1290
3565	 P	142560	950
3566	 P	142600	5430
3567	 P	142640	1190
3568	 P	142680	1330
3569	 P	142720	1260
3570	 P	142760	4340
3571	 P	142800	1190
3572	 P	142840	1140
3573	 P	142880	1180
3574	 P	142920	1260
3575	 P	142960	1010
3576	 P	143000	1340
3577	 P	143040	111180
3578	 P	143080	1920
3579	 P	143120	520
3580	 P	143160	810
3581	 P	143200	830
3582	 P	143240	2750
3583	 P	143280	710
3584	 P	143320	1160
3585	 P	143360	1210
3586	 P	143400	3640
3587	 P	143440	1390
3588	 P	143480	1490
3589	 P	143520	1380
3590	 P	143560	2980
3591	 P	143600	1310
3592	 P	143640	1300
3593	 P	143680	1540
3594	 P	143720	2540
3595	 P	143760	920
3596	 P	143800	1230
3597	 P	143840	1420
3598	 P	143880	1500
3599	 P	143920	1100
3600	 P	143960	1360
3601	 P	144000	46160
3602	 P	144040	10650
3603	 P	144080	2350
3604	 P	144120	3730
3605	 P	144160	2640
3606	 P	144200	9550
3607	 P	144240	2620
3608	 P	144280	3340
3609	 P	144320	2110
3610	 P	144360	10460
3611	 P	144400	3000
3612	 P	144440	3620
3613	 P	144480	2850
3614	 P	144520	14040
3615	 P	144560	3780
3616	 P	144600	4320
3617	 P	144640	2440
3618	 P	144680	10610
3619	 P	144720	2330
3620	 P	144760	2510
3621	 P	144800	1690
3622	 P	144840	10840
3623	 P	144880	1570
3624	 P	144920	2640
3625	 P	144960	2190
3626	 P	145000	7860
3627	 P	145040	1770
3628	 P	145080	1830
3629	 P	145120	1130
3630	 P	145160	2940
3631	 P	145200	1330
3632	 P	145240	2140
3633	 P	145280	51340
3634	 P	145320	8760
3635	 P	145360	2090
3636	 P	145400	3050
3637	 P	145440	2100
3638	 P	145480	9000
3639	 P	145520	2340
3640	 P	145560	2550
3641	 P	145600	1380
3642	 P	145640	8870
3643	 P	145680	2070
3644	 P	145720	2850
3645	 P	145760	2140
3646	 P	145800	9780
3647	 P	145840	2110
3648	 P	145880	3160
3649	 P	145920	2890
3650	 P	145960	10220
3651	 P	146000	2720
3652	 P	146040	2510
3653	 P	146080	1590
3654	 P	146120	12100
3655	 P	146160	2420
3656	 P	146200	3600
3657	 P	146240	2980
3658	 P	146280	9050
3659	 P	146320	2680
3660	 P	146360	3150
3661	 P	146400	2290
3662	 P	146440	3850
3663	 P	146480	2340
3664	 P	146520	2650
3665	 P	146560	51720
3666	 P	146600	9670
3667	 P	146640	2070
3668	 P	146680	3710
3669	 P	146720	2110
3670	 P	146760	11080
3671	 P	146800	2640
3672	 P	146840	4000
3673	 P	146880	3190
3674	 P	146920	7800
3675	 P	146960	2660
3676	 P	147000	3430
3677	 P	147040	2810
3678	 P	147080	9540
3679	 P	147120	3040
3680	 P	147160	4170
3681	 P	147200	3160
3682	 P	147240	11840
3683	 P	147280	3410
3684	 P	147320	3840
3685	 P	147360	2890
3686	 P	147400	12340
3687	 P	147440	3550
3688	 P	147480	3790
3689	 P	147520	2320
3690	 P	147560	11370
3691	 P	147600	3820
3692	 P	147640	4600
3693	 P	147680	4740
3694	 P	147720	7920
3695	 P	147760	4570
3696	 P	147800	3130
3697	 P	147840	54860
3698	 P	147880	7860
3699	 P	147920	2140
3700	 P	147960	2110
3701	 P	148000	1620
3702	 P	148040	6980
3703	 P	148080	2100
3704	 P	148120	2410
3705	 P	148160	1830
3706	 P	148200	4760
3707	 P	148240	1790
3708	 P	148280	2000
3709	 P	148320	1760
3710	 P	148360	5110
3711	 P	148400	2070
3712	 P	148440	2200
3713	 P	148480	1790
3714	 P	148520	5590
3715	 P	148560	1680
3716	 P	148600	2040
3717	 P	148640	1780
3718	 P	148680	6770
3719	 P	148720	1240
3720	 P	148760	2090
3721	 P	148800	1710
3722	 P	148840	9150
3723	 P	148880	1560
3724	 P	148920	2840
3725	 P	148960	2300
3726	 P	149000	6270
3727	 P	149040	2150
3728	 P	149080	2610
3729	 P	149120	52020
3730	 P	149160	11510
3731	 P	149200	2530
3732	 P	149240	3590
3733	 P	149280	2230
3734	 P	149320	9620
3735	 P	149360	2800
3736	 P	149400	3410
3737	 P	149440	2330
3738	 P	149480	11830
3739	 P	149520	3150
3740	 P	149560	5130
3741	 P	149600	4030
3742	 P	149640	11430
3743	 P	149680	3990
3744	 P	149720	5830
3745	 P	149760	4250
3746	 P	149800	11810
3747	 P	149840	3920
3748	 P	149880	4410
3749	 P	149920	3180
3750	 P	149960	11270
3751	 P	150000	2730
3752	 P	150040	3280
3753	 P	150080	3340
3754	 P	150120	17950
3755	 P	150160	7070
3756	 P	150200	8910
3757	 P	150240	7190
3758	 P	150280	7950
3759	 P	150320	4720
3760	 P	150360	2010
3761	 P	150400	50030
3762	 P	150440	7440
3763	 P	150480	2150
3764	 P	150520	2740
3765	 P	150560	2120
3766	 P	150600	5600
3767	 P	150640	1510
3768	 P	150680	2120
3769	 P	150720	2260
3770	 P	150760	15240
3771	 P	150800	3170
3772	 P	150840	5570
3773	 P	150880	5430
3774	 P	150920	19420
3775	 P	150960	5340
3776	 P	151000	5920
3777	 P	151040	3900
3778	 P	151080	15210
3779	 P	151120	4780
3780	 P	151160	5090
3781	 P	151200	3600
3782	 P	151240	17340
3783	 P	151280	4270
3784	 P	151320	5720
3785	 P	151360	4820
3786	 P	151400	16070
3787	 P	151440	4990
3788	 P	151480	7430
3789	 P	151520	5690
3790	 P	151560	10870
3791	 P	151600	5150
3792	 P	151640	5360
3793	 P	151680	33830
3794	 P	151720	17300
3795	 P	151760	3800
3796	 P	151800	5580
3797	 P	151840	3770
3798	 P	151880	11060
3799	 P	151920	4600
3800	 P	151960	4970
3801	 P	152000	5100
3802	 P	152040	16310
3803	 P	152080	4720
3804	 P	152120	5230
3805	 P	152160	4030
3806	 P	152200	18780
3807	 P	152240	4440
3808	 P	152280	4530
3809	 P	152320	2950
3810	 P	152360	20280
3811	 P	152400	3700
3812	 P	152440	3320
3813	 P	152480	2690
3814	 P	152520	25940
3815	 P	152560	3330
3816	 P	152600	3430
3817	 P	152640	2640
3818	 P	152680	26150
3819	 P	152720	2740
3820	 P	152760	2520
3821	 P	152800	1720
3822	 P	152840	3380
3823	 P	152880	1730
3824	 P	152920	1640
3825	 P	152960	83460
3826	 P	153000	8040
3827	 P	153040	1470
3828	 P	153080	2310
3829	 P	153120	2110
3830	 P	153160	9530
3831	 P	153200	1630
3832	 P	153240	1850
3833	 P	153280	680
3834	 P	153320	6570
3835	 P	153360	1310
3836	 P	153400	1270
3837	 P	153440	1390
3838	 P	153480	10440
3839	 P	153520	1350
3840	 P	153560	1950
3841	 P	153600	1680
3842	 P	153640	12350
3843	 P	153680	1790
3844	 P	153720	1270
3845	 P	153760	900
3846	 P	153800	7940
3847	 P	153840	1380
3848	 P	153880	1820
3849	 P	153920	1080
3850	 P	153960	6240
3851	 P	154000	1350
3852	 P	154040	1400
3853	 P	154080	1010
3854	 P	154120	900
3855	 P	154160	1170
3856	 P	154200	940
3857	 P	154240	115470
3858	 P	154280	2080
3859	 P	154320	830
3860	 P	154360	910
3861	 P	154400	820
3862	 P	154440	3660
3863	 P	154480	1120
3864	 P	154520	1090
3865	 P	154560	1180
3866	 P	154600	5710
3867	 P	154640	1220
3868	 P	154680	1520
3869	 P	154720	1460
3870	 P	154760	3410
3871	 P	154800	1080
3872	 P	154840	1300
3873	 P	154880	1230
3874	 P	154920	4210
3875	 P	154960	1260
3876	 P	155000	1350
3877	 P	155040	1170
3878	 P	155080	3930
3879	 P	155120	1050
3880	 P	155160	1050
3881	 P	155200	1020
3882	 P	155240	3280
3883	 P	155280	1120
3884	 P	155320	1420
3885	 P	155360	1180
3886	 P	155400	1250
3887	 P	155440	1320
3888	 P	155480	1310
3889	 P	155520	98730
3890	 P	155560	2020
3891	 P	155600	1000
3892	 P	155640	980
3893	 P	155680	1110
3894	 P	155720	2220
3895	 P	155760	500
3896	 P	155800	1380
3897	 P	155840	1140
3898	 P	155880	1700
3899	 P	155920	1220
3900	 P	155960	1180
3901	 P	156000	46120
3902	 P	156040	10710
3903	 P	156080	2090
3904	 P	156120	3580
3905	 P	156160	2680
3906	 P	156200	10020
3907	 P	156240	2700
3908	 P	156280	3330
3909	 P	156320	2020
3910	 P	156360	10190
3911	 P	156400	2870
3912	 P	156440	4110
3913	 P	156480	3150
3914	 P	156520	14180
3915	 P	156560	3630
3916	 P	156600	4310
3917	 P	156640	2140
3918	 P	156680	4410
3919	 P	156720	2330
3920	 P	156760	1990
3921	 P	156800	54660
3922	 P	156840	8820
3923	 P	156880	1400
3924	 P	156920	2550
3925	 P	156960	2000
3926	 P	157000	7050
3927	 P	157040	1910
3928	 P	157080	1540
3929	 P	157120	1250
3930	 P	157160	7240
3931	 P	157200	1380
3932	 P	157240	1990
3933	 P	157280	1900
3934	 P	157320	10280
3935	 P	157360	2150
3936	 P	157400	2820
3937	 P	157440	2050
3938	 P	157480	8690
3939	 P	157520	2520
3940	 P	157560	2380
3941	 P	157600	1590
3942	 P	157640	8600
3943	 P	157680	2150
3944	 P	157720	2760
3945	 P	157760	1810
3946	 P	157800	9060
3947	 P	157840	1960
3948	 P	157880	3020
3949	 P	157920	3130
3950	 P	157960	5260
3951	 P	158000	2900
3952	 P	158040	2270
3953	 P	158080	51940
3954	 P	158120	10960
3955	 P	158160	2470
3956	 P	158200	3230
3957	 P	158240	2690
3958	 P	158280	8990
3959	 P	158320	2530
3960	 P	158360	3330
3961	 P	158400	2550
3962	 P	158440	7180
3963	 P	158480	2420
3964	 P	158520	3080
3965	 P	158560	2500
3966	 P	158600	9820
3967	 P	158640	2540
3968	 P	158680	3380
3969	 P	158720	2010
3970	 P	158760	10960
3971	 P	158800	2740
3972	 P	158840	3880
3973	 P	158880	3100
3974	 P	158920	8170
3975	 P	158960	2520
3976	 P	159000	3500
3977	 P	159040	2890
3978	 P	159080	9630
3979	 P	159120	3140
3980	 P	159160	4300
3981	 P	159200	2830
3982	 P	159240	6490
3983	 P	159280	3090
3984	 P	159320	2750
3985	 P	159360	50630
3986	 P	159400	11340
3987	 P	159440	2770
3988	 P	159480	3860
3989	 P	159520	2090
3990	 P	159560	11150
3991	 P	159600	3810
3992	 P	159640	4450
3993	 P	159680	4380
3994	 P	159720	14580
3995	 P	159760	4560
3996	 P	159800	3810
3997	 P	159840	2200
3998	 P	159880	9440
3999	 P	159920	2070
4000	 P	159960	2160
4001	 P	160000	1550
4002	 P	160040	6920
4003	 P	160080	1660
4004	 P	160120	2070
4005	 P	160160	1790
4006	 P	160200	5350
4007	 P	160240	1560
4008	 P	160280	1680
4009	 P	160320	1580
4010	 P	160360	5520
4011	 P	160400	1660
4012	 P	160440	2300
4013	 P	160480	1850
4014	 P	160520	2090
4015	 P	160560	1320
4016	 P	160600	1590
4017	 P	160640	52010
4018	 P	160680	6100
4019	 P	160720	1250
4020	 P	160760	2100
4021	 P	160800	1620
4022	 P	160840	8680
4023	 P	160880	1920
4024	 P	160920	2680
4025	 P	160960	2150
4026	 P	161000	12850
4027	 P	161040	2370
4028	 P	161080	3370
4029	 P	161120	2210
4030	 P	161160	12550
4031	 P	161200	2620
4032	 P	161240	3260
4033	 P	161280	2270
4034	 P	161320	9610
4035	 P	161360	2690
4036	 P	161400	3190
4037	 P	161440	2480
4038	 P	161480	11110
4039	 P	161520	3460
4040	 P	161560	4750
4041	 P	161600	3580
4042	 P	161640	11700
4043	 P	161680	3860
4044	 P	161720	5700
4045	 P	161760	4150
4046	 P	161800	6740
4047	 P	161840	3430
4048	 P	161880	3580
4049	 P	161920	39260
4050	 P	161960	10820
4051	 P	162000	2560
4052	 P	162040	3200
4053	 P	162080	3530
4054	 P	162120	17670
4055	 P	162160	6460
4056	 P	162200	9200
4057	 P	162240	7360
4058	 P	162280	16530
4059	 P	162320	5120
4060	 P	162360	2860
4061	 P	162400	1730
4062	 P	162440	9010
4063	 P	162480	2190
4064	 P	162520	2630
4065	 P	162560	2260
4066	 P	162600	6380
4067	 P	162640	1540
4068	 P	162680	2440
4069	 P	162720	2350
4070	 P	162760	15330
4071	 P	162800	2730
4072	 P	162840	5320
4073	 P	162880	4940
4074	 P	162920	19610
4075	 P	162960	5190
4076	 P	163000	5650
4077	 P	163040	3860
4078	 P	163080	9380
4079	 P	163120	4820
4080	 P	163160	3870
4081	 P	163200	37480
4082	 P	163240	14750
4083	 P	163280	3450
4084	 P	163320	5310
4085	 P	163360	4750
4086	 P	163400	16460
4087	 P	163440	4660
4088	 P	163480	6830
4089	 P	163520	5320
4090	 P	163560	20240
4091	 P	163600	5230
4092	 P	163640	5770
4093	 P	163680	4130
4094	 P	163720	19080
4095	 P	163760	4710
4096	 P	163800	5820
4097	 P	163840	3760
4098	 P	163880	11130
4099	 P	163920	4140
4100	 P	163960	4940
4101	 P	164000	5290
4102	 P	164040	16710
4103	 P	164080	4800
4104	 P	164120	5310
4105	 P	164160	4510
4106	 P	164200	18730
4107	 P	164240	4440
4108	 P	164280	4700
4109	 P	164320	3130
4110	 P	164360	6650
4111	 P	164400	3560
4112	 P	164440	3770
4113	 P	164480	53090
4114	 P	164520	20740
4115	 P	164560	2450
4116	 P	164600	3240
4117	 P	164640	3170
4118	 P	164680	21800
4119	 P	164720	3010
4120	 P	164760	2990
4121	 P	164800	1960
4122	 P	164840	10110
4123	 P	164880	2350
4124	 P	164920	2160
4125	 P	164960	1740
4126	 P	165000	13460
4127	 P	165040	2330
4128	 P	165080	2110
4129	 P	165120	1580
4130	 P	165160	18510
4131	 P	165200	1510
4132	 P	165240	1130
4133	 P	165280	750
4134	 P	165320	9020
4135	 P	165360	1550
4136	 P	165400	1550
4137	 P	165440	1240
4138	 P	165480	12340
4139	 P	165520	1630
4140	 P	165560	1880
4141	 P	165600	1270
4142	 P	165640	2250
4143	 P	165680	1640
4144	 P	165720	1730
4145	 P	165760	112200
4146	 P	165800	4170
4147	 P	165840	890
4148	 P	165880	1290
4149	 P	165920	1280
4150	 P	165960	3220
4151	 P	166000	1440
4152	 P	166040	1560
4153	 P	166080	1270
4154	 P	166120	3580
4155	 P	166160	1140
4156	 P	166200	1180
4157	 P	166240	1410
4158	 P	166280	4280
4159	 P	166320	1230
4160	 P	166360	1260
4161	 P	166400	1080
4162	 P	166440	4400
4163	 P	166480	1310
4164	 P	166520	1300
4165	 P	166560	1070
4166	 P	166600	5510
4167	 P	166640	1250
4168	 P	166680	1410
4169	 P	166720	1250
4170	 P	166760	4410
4171	 P	166800	1230
4172	 P	166840	1280
4173	 P	166880	1260
4174	 P	166920	1250
4175	 P	166960	1090
4176	 P	167000	1270
4177	 P	167040	110590
4178	 P	167080	1900
4179	 P	167120	560
4180	 P	167160	840
4181	 P	167200	850
4182	 P	167240	2610
4183	 P	167280	780
4184	 P	167320	1080
4185	 P	167360	1180
4186	 P	167400	3770
4187	 P	167440	1390
4188	 P	167480	1460
4189	 P	167520	1320
4190	 P	167560	2840
4191	 P	167600	1120
4192	 P	167640	1300
4193	 P	167680	1550
4194	 P	167720	2460
4195	 P	167760	910
4196	 P	167800	1210
4197	 P	167840	1420
4198	 P	167880	1410
4199	 P	167920	1070
4200	 P	167960	1260
4201	 P	168000	46160
4202	 P	168040	10570
4203	 P	168080	2340
4204	 P	168120	3570
4205	 P	168160	2810
4206	 P	168200	9740
4207	 P	168240	2840
4208	 P	168280	3280
4209	 P	168320	2190
4210	 P	168360	10470
4211	 P	168400	3000
4212	 P	168440	3690
4213	 P	168480	2950
4214	 P	168520	14550
4215	 P	168560	3520
4216	 P	168600	4210
4217	 P	168640	2170
4218	 P	168680	10760
4219	 P	168720	2310
4220	 P	168760	2500
4221	 P	168800	1650
4222	 P	168840	10650
4223	 P	168880	1560
4224	 P	168920	2640
4225	 P	168960	2040
4226	 P	169000	8480
4227	 P	169040	1830
4228	 P	169080	1690
4229	 P	169120	970
4230	 P	169160	2840
4231	 P	169200	1440
4232	 P	169240	2020
4233	 P	169280	51810
4234	 P	169320	9300
4235	 P	169360	2120
4236	 P	169400	2970
4237	 P	169440	1970
4238	 P	169480	8790
4239	 P	169520	2290
4240	 P	169560	2570
4241	 P	169600	1390
4242	 P	169640	9430
4243	 P	169680	2290
4244	 P	169720	2790
4245	 P	169760	2210
4246	 P	169800	9580
4247	 P	169840	2040
4248	 P	169880	3080
4249	 P	169920	2890
4250	 P	169960	10040
4251	 P	170000	2710
4252	 P	170040	2770
4253	 P	170080	1940
4254	 P	170120	11910
4255	 P	170160	2630
4256	 P	170200	3310
4257	 P	170240	2610
4258	 P	170280	9320
4259	 P	170320	2730
4260	 P	170360	3030
4261	 P	170400	2080
4262	 P	170440	3860
4263	 P	170480	2090
4264	 P	170520	2770
4265	 P	170560	51680
4266	 P	170600	9660
4267	 P	170640	2080
4268	 P	170680	3560
4269	 P	170720	2230
4270	 P	170760	10880
4271	 P	170800	2580
4272	 P	170840	4160
4273	 P	170880	3290
4274	 P	170920	7650
4275	 P	170960	2480
4276	 P	171000	3560
4277	 P	171040	3010
4278	 P	171080	9610
4279	 P	171120	3030
4280	 P	171160	4250
4281	 P	171200	2930
4282	 P	171240	12240
4283	 P	171280	3490
4284	 P	171320	4170
4285	 P	171360	2830
4286	 P	171400	11980
4287	 P	171440	3760
4288	 P	171480	3950
4289	 P	171520	2340
4290	 P	171560	10980
4291	 P	171600	3840
4292	 P	171640	4890
4293	 P	171680	4780
4294	 P	171720	7960
4295	 P	171760	4790
4296	 P	171800	3390
4297	 P	171840	55270
4298	 P	171880	8050
4299	 P	171920	1980
4300	 P	171960	2170
4301	 P	172000	1480
4302	 P	172040	7150
4303	 P	172080	1840
4304	 P	172120	2350
4305	 P	172160	1800
4306	 P	172200	4880
4307	 P	172240	1720
4308	 P	172280	2000
4309	 P	172320	1830
4310	 P	172360	5240
4311	 P	172400	2030
4312	 P	172440	2210
4313	 P	172480	1790
4314	 P	172520	5210
4315	 P	172560	1630
4316	 P	172600	1770
4317	 P	172640	1650
4318	 P	172680	7350
4319	 P	172720	1520
4320	 P	172760	2150
4321	 P	172800	1800
4322	 P	172840	9250
4323	 P	172880	1810
4324	 P	172920	2800
4325	 P	172960	2110
4326	 P	173000	6370
4327	 P	173040	2320
4328	 P	173080	2210
4329	 P	173120	52220
4330	 P	173160	11400
4331	 P	173200	2590
4332	 P	173240	3330
4333	 P	173280	2060
4334	 P	173320	9330
4335	 P	173360	2720
4336	 P	173400	3340
4337	 P	173440	2730
4338	 P	173480	11450
4339	 P	173520	3010
4340	 P	173560	4990
4341	 P	173600	3840
4342	 P	173640	11550
4343	 P	173680	4070
4344	 P	173720	5610
4345	 P	173760	4380
4346	 P	173800	11650
4347	 P	173840	3640
4348	 P	173880	4060
4349	 P	173920	3280
4350	 P	173960	11570
4351	 P	174000	3060
4352	 P	174040	3390
4353	 P	174080	3600
4354	 P	174120	18220
4355	 P	174160	6790
4356	 P	174200	8950
4357	 P	174240	7140
4358	 P	174280	8160
4359	 P	174320	4660
4360	 P	174360	2140
4361	 P	174400	49630
4362	 P	174440	7490
4363	 P	174480	2100
4364	 P	174520	2670
4365	 P	174560	1980
4366	 P	174600	5520
4367	 P	174640	1570
4368	 P	174680	2130
4369	 P	174720	2250
4370	 P	174760	14950
4371	 P	174800	3200
4372	 P	174840	5550
4373	 P	174880	5080
4374	 P	174920	19660
4375	 P	174960	5170
4376	 P	175000	5660
4377	 P	175040	3810
4378	 P	175080	15730
4379	 P	175120	4480
4380	 P	175160	5150
4381	 P	175200	3710
4382	 P	175240	17370
4383	 P	175280	4040
4384	 P	175320	5880
4385	 P	175360	4830
4386	 P	175400	15580
4387	 P	175440	5090
4388	 P	175480	6780
4389	 P	175520	5460
4390	 P	175560	10600
4391	 P	175600	5090
4392	 P	175640	5290
4393	 P	175680	33830
4394	 P	175720	17120
4395	 P	175760	3720
4396	 P	175800	5440
4397	 P	175840	3870
4398	 P	175880	11170
4399	 P	175920	4390
4400	 P	175960	5320
4401	 P	176000	4920
4402	 P	176040	16730
4403	 P	176080	4660
4404	 P	176120	5040
4405	 P	176160	4480
4406	 P	176200	18540
4407	 P	176240	4390
4408	 P	176280	4730
4409	 P	176320	2970
4410	 P	176360	21000
4411	 P	176400	3390
4412	 P	176440	3220
4413	 P	176480	2390
4414	 P	176520	26170
4415	 P	176560	3750
4416	 P	176600	3460
4417	 P	176640	3020
4418	 P	176680	26600
4419	 P	176720	3080
4420	 P	176760	2700
4421	 P	176800	1540
4422	 P	176840	3370
4423	 P	176880	1590
4424	 P	176920	1860
4425	 P	176960	83460
4426	 P	177000	8040
4427	 P	177040	1470
4428	 P	177080	2310
4429	 P	177120	2110
4430	 P	177160	9580
4431	 P	177200	1630
4432	 P	177240	1850
4433	 P	177280	640
4434	 P	177320	6590
4435	 P	177360	1310
4436	 P	177400	1280
4437	 P	177440	1420
4438	 P	177480	10480
4439	 P	177520	1360
4440	 P	177560	2000
4441	 P	177600	1750
4442	 P	177640	12150
4443	 P	177680	1760
4444	 P	177720	1220
4445	 P	177760	940
4446	 P	177800	8600
4447	 P	177840	1380
4448	 P	177880	1640
4449	 P	177920	1080
4450	 P	177960	6680
4451	 P	178000	1400
4452	 P	178040	1350
4453	 P	178080	960
4454	 P	178120	920
4455	 P	178160	1070
4456	 P	178200	1090
4457	 P	178240	114670
4458	 P	178280	2180
4459	 P	178320	920
4460	 P	178360	880
4461	 P	178400	750
4462	 P	178440	3570
4463	 P	178480	1080
4464	 P	178520	1200
4465	 P	178560	1220
4466	 P	178600	5190
4467	 P	178640	1200
4468	 P	178680	1450
4469	 P	178720	1420
4470	 P	178760	3520
4471	 P	178800	1120
4472	 P	178840	1270
4473	 P	178880	1220
4474	 P	178920	3960
4475	 P	178960	1280
4476	 P	179000	1340
4477	 P	179040	1010
4478	 P	179080	3940
4479	 P	179120	970
4480	 P	179160	1070
4481	 P	179200	1150
4482	 P	179240	3320
4483	 P	179280	1140
4484	 P	179320	1440
4485	 P	179360	1380
4486	 P	179400	1240
4487	 P	179440	1120
4488	 P	179480	1340
4489	 P	179520	98730
4490	 P	179560	2020
4491	 P	179600	1000
4492	 P	179640	980
4493	 P	179680	1110
4494	 P	179720	2220
4495	 P	179760	480
4496	 P	179800	1380
4497	 P	179840	1140
4498	 P	179880	1700
4499	 P	179920	1220
4500	 P	179960	1180
4501	 P	180000	46120
4502	 P	180040	10710
4503	 P	180080	2090
4504	 P	180120	3570
4505	 P	180160	2680
4506	 P	180200	10020
4507	 P	180240	2870
4508	 P	180280	3330
4509	 P	180320	2020
4510	 P	180360	10190
4511	 P	180400	2780
4512	 P	180440	4110
4513	 P	180480	3150
4514	 P	180520	14180
4515	 P	180560	3630
4516	 P	180600	4310
4517	 P	180640	2140
4518	 P	180680	4410
4519	 P	180720	2330
4520	 P	180760	1990
4521	 P	180800	54660
4522	 P	180840	8820
4523	 P	180880	1400
4524	 P	180920	2550
4525	 P	180960	2000
4526	 P	181000	7070
4527	 P	181040	1910
4528	 P	181080	1540
4529	 P	181120	1260
4530	 P	181160	7230
4531	 P	181200	1320
4532	 P	181240	1970
4533	 P	181280	1930
4534	 P	181320	10360
4535	 P	181360	2160
4536	 P	181400	3020
4537	 P	181440	2150
4538	 P	181480	8710
4539	 P	181520	2420
4540	 P	181560	2450
4541	 P	181600	1630
4542	 P	181640	8490
4543	 P	181680	2380
4544	 P	181720	2770
4545	 P	181760	1930
4546	 P	181800	9420
4547	 P	181840	2160
4548	 P	181880	3120
4549	 P	181920	3120
4550	 P	181960	5350
4551	 P	182000	2800
4552	 P	182040	2290
4553	 P	182080	51630
4554	 P	182120	10920
4555	 P	182160	2530
4556	 P	182200	3270
4557	 P	182240	2510
4558	 P	182280	9040
4559	 P	182320	2530
4560	 P	182360	3290
4561	 P	182400	2510
4562	 P	182440	7110
4563	 P	182480	2240
4564	 P	182520	3050
4565	 P	182560	2400
4566	 P	182600	9630
4567	 P	182640	2610
4568	 P	182680	3400
4569	 P	182720	1930
4570	 P	182760	11000
4571	 P	182800	2750
4572	 P	182840	4060
4573	 P	182880	2840
4574	 P	182920	7940
4575	 P	182960	2320
4576	 P	183000	3430
4577	 P	183040	2880
4578	 P	183080	9160
4579	 P	183120	3150
4580	 P	183160	4310
4581	 P	183200	2760
4582	 P	183240	6550
4583	 P	183280	3240
4584	 P	183320	2890
4585	 P	183360	50510
4586	 P	183400	11390
4587	 P	183440	2810
4588	 P	183480	3560
4589	 P	183520	2390
4590	 P	183560	11180
4591	 P	183600	3890
4592	 P	183640	4660
4593	 P	183680	4780
4594	 P	183720	15020
4595	 P	183760	5070
4596	 P	183800	4090
4597	 P	183840	2090
4598	 P	183880	9330
4599	 P	183920	2210
4600	 P	183960	2000
4601	 P	184000	1630
4602	 P	184040	7080
4603	 P	184080	1790
4604	 P	184120	2250
4605	 P	184160	1740
4606	 P	184200	5010
4607	 P	184240	1630
4608	 P	184280	1780
4609	 P	184320	1580
4610	 P	184360	5560
4611	 P	184400	1740
4612	 P	184440	2360
4613	 P	184480	1980
4614	 P	184520	2190
4615	 P	184560	1210
4616	 P	184600	1520
4617	 P	184640	51720
4618	 P	184680	6380
4619	 P	184720	1270
4620	 P	184760	2220
4621	 P	184800	1720
4622	 P	184840	8930
4623	 P	184880	1810
4624	 P	184920	2610
4625	 P	184960	2080
4626	 P	185000	12630
4627	 P	185040	2630
4628	 P	185080	3740
4629	 P	185120	2250
4630	 P	185160	12840
4631	 P	185200	2940
4632	 P	185240	3290
4633	 P	185280	2040
4634	 P	185320	9560
4635	 P	185360	2710
4636	 P	185400	3150
4637	 P	185440	2690
4638	 P	185480	11420
4639	 P	185520	3340
4640	 P	185560	5300
4641	 P	185600	3420
4642	 P	185640	11990
4643	 P	185680	3550
4644	 P	185720	5630
4645	 P	185760	4050
4646	 P	185800	7060
4647	 P	185840	3600
4648	 P	185880	3660
4649	 P	185920	39650
4650	 P	185960	11030
4651	 P	186000	2610
4652	 P	186040	3220
4653	 P	186080	3420
4654	 P	186120	17610
4655	 P	186160	6730
4656	 P	186200	8870
4657	 P	186240	7360
4658	 P	186280	16290
4659	 P	186320	4940
4660	 P	186360	2890
4661	 P	186400	1790
4662	 P	186440	9090
4663	 P	186480	2200
4664	 P	186520	2820
4665	 P	186560	1980
4666	 P	186600	6280
4667	 P	186640	1460
4668	 P	186680	2220
4669	 P	186720	2570
4670	 P	186760	15430
4671	 P	186800	2910
4672	 P	186840	5400
4673	 P	186880	5150
4674	 P	186920	19900
4675	 P	186960	5130
4676	 P	187000	5380
4677	 P	187040	3750
4678	 P	187080	9210
4679	 P	187120	4580
4680	 P	187160	4470
4681	 P	187200	37660
4682	 P	187240	14610
4683	 P	187280	3270
4684	 P	187320	5250
4685	 P	187360	4840
4686	 P	187400	15800
4687	 P	187440	4960
4688	 P	187480	6950
4689	 P	187520	5200
4690	 P	187560	19550
4691	 P	187600	5040
4692	 P	187640	6060
4693	 P	187680	4310
4694	 P	187720	19020
4695	 P	187760	4540
4696	 P	187800	5520
4697	 P	187840	3820
4698	 P	187880	11240
4699	 P	187920	4310
4700	 P	187960	5380
4701	 P	188000	5000
4702	 P	188040	16730
4703	 P	188080	4920
4704	 P	188120	5330
4705	 P	188160	4750
4706	 P	188200	18730
4707	 P	188240	4630
4708	 P	188280	4840
4709	 P	188320	2900
4710	 P	188360	6220
4711	 P	188400	3480
4712	 P	188440	3740
4713	 P	188480	53050
4714	 P	188520	20290
4715	 P	188560	2590
4716	 P	188600	3240
4717	 P	188640	3130
4718	 P	188680	22130
4719	 P	188720	2780
4720	 P	188760	2630
4721	 P	188800	2010
4722	 P	188840	10210
4723	 P	188880	2090
4724	 P	188920	2160
4725	 P	188960	1600
4726	 P	189000	13610
4727	 P	189040	2390
4728	 P	189080	2280
4729	 P	189120	1630
4730	 P	189160	17780
4731	 P	189200	1480
4732	 P	189240	1220
4733	 P	189280	740
4734	 P	189320	10150
4735	 P	189360	1380
4736	 P	189400	1460
4737	 P	189440	1390
4738	 P	189480	11610
4739	 P	189520	1660
4740	 P	189560	1870
4741	 P	189600	1080
4742	 P	189640	2330
4743	 P	189680	1320
4744	 P	189720	1810
4745	 P	189760	111910
4746	 P	189800	4370
4747	 P	189840	1030
4748	 P	189880	1330
4749	 P	189920	1350
4750	 P	189960	3040
4751	 P	190000	1460
4752	 P	190040	1510
4753	 P	190080	1330
4754	 P	190120	3410
4755	 P	190160	1100
4756	 P	190200	990
4757	 P	190240	1520
4758	 P	190280	4140
4759	 P	190320	1330
4760	 P	190360	1400
4761	 P	190400	1030
4762	 P	190440	4370
4763	 P	190480	1240
4764	 P	190520	1170
4765	 P	190560	1020
4766	 P	190600	5370
4767	 P	190640	870
4768	 P	190680	1340
4769	 P	190720	1230
4770	 P	190760	4430
4771	 P	190800	1290
4772	 P	190840	1470
4773	 P	190880	1310
4774	 P	190920	1300
4775	 P	190960	1160
4776	 P	191000	1290
4777	 P	191040	110590
4778	 P	191080	1890
4779	 P	191120	560
4780	 P	191160	840
4781	 P	191200	870
4782	 P	191240	2700
4783	 P	191280	780
4784	 P	191320	1080
4785	 P	191360	1180
4786	 P	191400	3610
4787	 P	191440	1350
4788	 P	191480	1400
4789	 P	191520	1290
4790	 P	191560	2990
4791	 P	191600	1360
4792	 P	191640	1370
4793	 P	191680	1560
4794	 P	191720	2450
4795	 P	191760	870
4796	 P	191800	1250
4797	 P	191840	1410
4798	 P	191880	1460
4799	 P	191920	1030
4800	 P	191960	1260
4801	 P	192000	46160
4802	 P	192040	10600
4803	 P	192080	2350
4804	 P	192120	3570
4805	 P	192160	2720
4806	 P	192200	9790
4807	 P	192240	2600
4808	 P	192280	3290
4809	 P	192320	2130
4810	 P	192360	10410
4811	 P	192400	3030
4812	 P	192440	3950
4813	 P	192480	3220
4814	 P	192520	14620
4815	 P	192560	3780
4816	 P	192600	4380
4817	 P	192640	2260
4818	 P	192680	10690
4819	 P	192720	2540
4820	 P	192760	2430
4821	 P	192800	1630
4822	 P	192840	11100
4823	 P	192880	1620
4824	 P	192920	2670
4825	 P	192960	2210
4826	 P	193000	8060
4827	 P	193040	2000
4828	 P	193080	1780
4829	 P	193120	1030
4830	 P	193160	2750
4831	 P	193200	1440
4832	 P	193240	1740
4833	 P	193280	51340
4834	 P	193320	8680
4835	 P	193360	2010
4836	 P	193400	3100
4837	 P	193440	1950
4838	 P	193480	9160
4839	 P	193520	2340
4840	 P	193560	2380
4841	 P	193600	1310
4842	 P	193640	8800
4843	 P	193680	2230
4844	 P	193720	2670
4845	 P	193760	2030
4846	 P	193800	9760
4847	 P	193840	2250
4848	 P	193880	2940
4849	 P	193920	3230
4850	 P	193960	9960
4851	 P	194000	2840
4852	 P	194040	2430
4853	 P	194080	1660
4854	 P	194120	11580
4855	 P	194160	2600
4856	 P	194200	3540
4857	 P	194240	2950
4858	 P	194280	9050
4859	 P	194320	2550
4860	 P	194360	2990
4861	 P	194400	2180
4862	 P	194440	3890
4863	 P	194480	2320
4864	 P	194520	2470
4865	 P	194560	51360
4866	 P	194600	9440
4867	 P	194640	2180
4868	 P	194680	3540
4869	 P	194720	2500
4870	 P	194760	10970
4871	 P	194800	2620
4872	 P	194840	3910
4873	 P	194880	3220
4874	 P	194920	8190
4875	 P	194960	2690
4876	 P	195000	3630
4877	 P	195040	3150
4878	 P	195080	9340
4879	 P	195120	3280
4880	 P	195160	4360
4881	 P	195200	2960
4882	 P	195240	11750
4883	 P	195280	3550
4884	 P	195320	4010
4885	 P	195360	2670
4886	 P	195400	12060
4887	 P	195440	3780
4888	 P	195480	3860
4889	 P	195520	2310
4890	 P	195560	10650
4891	 P	195600	3770
4892	 P	195640	4570
4893	 P	195680	4560
4894	 P	195720	7990
4895	 P	195760	4980
4896	 P	195800	3440
4897	 P	195840	55540
4898	 P	195880	7710
4899	 P	195920	1970
4900	 P	195960	2190
4901	 P	196000	1500
4902	 P	196040	7300
4903	 P	196080	1730
4904	 P	196120	2290
4905	 P	196160	1840
4906	 P	196200	4930
4907	 P	196240	1560
4908	 P	196280	1840
4909	 P	196320	1760
4910	 P	196360	5290
4911	 P	196400	2040
4912	 P	196440	2100
4913	 P	196480	1780
4914	 P	196520	5590
4915	 P	196560	1650
4916	 P	196600	1830
4917	 P	196640	1610
4918	 P	196680	6550
4919	 P	196720	1560
4920	 P	196760	2270
4921	 P	196800	1780
4922	 P	196840	9170
4923	 P	196880	1870
4924	 P	196920	2660
4925	 P	196960	2270
4926	 P	197000	6300
4927	 P	197040	2320
4928	 P	197080	2500
4929	 P	197120	52040
4930	 P	197160	11480
4931	 P	197200	2450
4932	 P	197240	3540
4933	 P	197280	2140
4934	 P	197320	9500
4935	 P	197360	2850
4936	 P	197400	3110
4937	 P	197440	2480
4938	 P	197480	11360
4939	 P	197520	3190
4940	 P	197560	4990
4941	 P	197600	3500
4942	 P	197640	12170
4943	 P	197680	4040
4944	 P	197720	5820
4945	 P	197760	4440
4946	 P	197800	11410
4947	 P	197840	3230
4948	 P	197880	3900
4949	 P	197920	3160
4950	 P	197960	11530
4951	 P	198000	2770
4952	 P	198040	3490
4953	 P	198080	3730
4954	 P	198120	18390
4955	 P	198160	7050
4956	 P	198200	8690
4957	 P	198240	6890
4958	 P	198280	7850
4959	 P	198320	4680
4960	 P	198360	2090
4961	 P	198400	49790
4962	 P	198440	7360
4963	 P	198480	2090
4964	 P	198520	2910
4965	 P	198560	2100
4966	 P	198600	5860
4967	 P	198640	1720
4968	 P	198680	2400
4969	 P	198720	2630
4970	 P	198760	14940
4971	 P	198800	2700
4972	 P	198840	5640
4973	 P	198880	5110
4974	 P	198920	19850
4975	 P	198960	5210
4976	 P	199000	5440
4977	 P	199040	3490
4978	 P	199080	15750
4979	 P	199120	4130
4980	 P	199160	4870
4981	 P	199200	3450
4982	 P	199240	17210
4983	 P	199280	3900
4984	 P	199320	5810
4985	 P	199360	5000
4986	 P	199400	16280
4987	 P	199440	5010
4988	 P	199480	7000
4989	 P	199520	5650
4990	 P	199560	10820
4991	 P	199600	4860
4992	 P	199640	5010
4993	 P	199680	31830
4994	 P	199720	11240
4995	 P	199760	3600
4996	 P	199800	5550
4997	 P	199840	4260
4998	 P	199880	7170
4999	 P	199920	4630
5000	 P	199960	5250
